1.000000000 0.000000000 0.000000000 0.000000000 0.000000000 1.000000000 0.000000000 0.000000000 0.000000000 0.000000000 1.000000000 0.000000000
0.999990761 -0.004037435 -0.001476604 0.001948642 0.004026831 0.999966562 -0.007115268 -0.000506111 0.001505282 0.007109256 0.999973595 -0.001952291
0.999990761 -0.004194331 -0.000913392 0.001337797 0.004187126 0.999961197 -0.007752251 -0.000304207 0.000945872 0.007748355 0.999969542 -0.002753667
0.999972403 -0.006957522 -0.002606514 0.001708292 0.006937328 0.999946475 -0.007678009 -0.000408861 0.002659794 0.007659715 0.999967098 -0.002611109
0.999959469 -0.008225569 -0.003665150 0.002007919 0.008191455 0.999923885 -0.009227105 -0.001335148 0.003740769 0.009196708 0.999950707 -0.003227334
0.999940336 -0.010100953 -0.004157041 0.001418388 0.010058524 0.999898374 -0.010103957 -0.001237432 0.004258678 0.010061541 0.999940336 -0.003432289
0.999930322 -0.011093536 -0.004032668 0.001112376 0.011055212 0.999894679 -0.009404828 -0.001488192 0.004136576 0.009359591 0.999947667 -0.003784887
0.999940097 -0.009568790 -0.005317515 0.000383205 0.009515746 0.999905586 -0.009912709 -0.001168627 0.005411866 0.009861515 0.999936700 -0.003830233
0.999964297 -0.007616763 -0.003659147 0.000681941 0.007584563 0.999933064 -0.008734711 -0.001308111 0.003725432 0.008706646 0.999955177 -0.002999057
0.999942005 -0.010390934 0.002828549 0.000909127 0.010415933 0.999905527 -0.008971817 -0.001026705 -0.002735057 0.009000759 0.999955773 -0.001967453
0.999927282 -0.010425960 0.006062563 0.000962099 0.010472788 0.999915183 -0.007744531 -0.001181346 -0.005981305 0.007807460 0.999951661 -0.000245440
0.999969423 -0.006305098 0.004628781 -0.001285242 0.006337859 0.999954700 -0.007097618 0.000625363 -0.004583820 0.007126737 0.999964118 0.000969349
0.999967337 -0.008052047 -0.000697442 -0.001232752 0.008048385 0.999954581 -0.005103249 0.000194449 0.000738502 0.005097469 0.999986708 0.001146400
0.999932647 -0.008654445 -0.007732242 -0.001357452 0.008627042 0.999956429 -0.003570296 0.001019943 0.007762804 0.003503349 0.999963760 0.001713319
0.999931097 -0.009853408 -0.006377867 -0.000985616 0.009858508 0.999951124 0.000768655 0.001124997 0.006369981 -0.000831478 0.999979377 0.003398915
0.999944687 -0.010352152 -0.001851465 0.000418772 0.010360372 0.999936283 0.004486623 0.001658560 0.001804901 -0.004505557 0.999988198 0.004762812
0.999969602 -0.007798660 0.000009005 0.000257189 0.007798601 0.999965429 0.002888929 0.003596271 -0.000031535 -0.002888771 0.999995828 0.005451132
0.999990344 -0.003011059 0.003200826 -0.000074154 0.002987506 0.999968588 0.007337902 0.004344752 -0.003222820 -0.007328269 0.999967933 0.006506355
0.999972999 -0.001742861 0.007135931 -0.000130969 0.001706354 0.999985456 0.005118808 0.007305413 -0.007144749 -0.005106494 0.999961436 0.006242843
0.999916136 -0.002194956 0.012764134 0.001811842 0.002102061 0.999971271 0.007286652 0.006946720 -0.012779761 -0.007259210 0.999891996 0.006962926
0.999841452 -0.001113072 0.017769860 0.001274321 0.000880199 0.999913812 0.013107404 0.003659051 -0.017782915 -0.013089686 0.999756157 0.006213989
0.999693274 -0.001127221 0.024740269 0.002479365 0.000835354 0.999929965 0.011804434 0.003247245 -0.024751844 -0.011780146 0.999624193 0.006335679
0.999459147 -0.003662517 0.032680385 0.004013082 0.003336280 0.999944091 0.010031587 0.002606612 -0.032715298 -0.009917131 0.999415457 0.006261065
0.998965800 -0.006286018 0.045029696 0.006397675 0.005882795 0.999941468 0.009081520 0.001777293 -0.045084149 -0.008807229 0.998944283 0.005873431
0.998620629 -0.007984122 0.051894613 0.009606549 0.007629423 0.999946177 0.007029467 0.001081118 -0.051947944 -0.006623845 0.998627841 0.005121044
0.997894704 -0.011815582 0.063768722 0.013295120 0.011345218 0.999905765 0.007733180 -0.000931203 -0.063854076 -0.006993429 0.997934818 0.005352900
0.997073174 -0.012756487 0.075381204 0.014658786 0.012374938 0.999908149 0.005526538 0.000118563 -0.075444773 -0.004577524 0.997139513 0.005152389
0.995912194 -0.015304834 0.089020245 0.018381411 0.015103657 0.999881625 0.002933101 -0.000483520 -0.089054599 -0.001576578 0.996025503 0.005332660
0.994784474 -0.016942635 0.100582242 0.020092066 0.016696254 0.999855101 0.003290935 -0.000543648 -0.100623436 -0.001594424 0.994923353 0.005292536
0.993388832 -0.017990295 0.113379478 0.024438469 0.017858624 0.999838173 0.002176979 -0.000644258 -0.113400295 -0.000137785 0.993549407 0.005533895
0.992106378 -0.019590497 0.123858698 0.027899629 0.018967992 0.999800801 0.006203253 -0.003036820 -0.123955563 -0.003804936 0.992280483 0.005130846
0.989905238 -0.024385734 0.139617920 0.031627059 0.024036549 0.999702334 0.004186977 -0.002131556 -0.139678478 -0.000788778 0.990196586 0.005854556
0.988346398 -0.024330823 0.150264278 0.033622362 0.024310863 0.999702454 0.001970069 -0.001647064 -0.150267497 0.001705942 0.988643885 0.006005426
0.986155212 -0.026427502 0.163705006 0.038403299 0.026302854 0.999649644 0.002929361 -0.002238857 -0.163725063 0.001417104 0.986504972 0.005867983
0.984004974 -0.029947279 0.175605819 0.041017164 0.029718768 0.999550521 0.003931569 -0.002893546 -0.175644651 0.001350105 0.984452724 0.006452193
0.981353104 -0.031963069 0.189537317 0.044385675 0.031746522 0.999487221 0.004179312 -0.003634244 -0.189573720 0.001915769 0.981864631 0.006979732
0.978098214 -0.036441468 0.204929084 0.047457382 0.036050618 0.999334037 0.005641777 -0.005098298 -0.204998195 0.001869607 0.978760600 0.007201548
0.975440383 -0.037462465 0.217054144 0.050004158 0.037276082 0.999292672 0.004954389 -0.004563294 -0.217086226 0.003258217 0.976146996 0.007534750
0.972338557 -0.039318286 0.230242863 0.052587409 0.039071113 0.999220610 0.005634436 -0.004651855 -0.230284944 0.003517266 0.973116815 0.007454380
0.966874421 -0.043774780 0.251470804 0.055500500 0.044031911 0.999019563 0.004607044 -0.004358680 -0.251425892 0.006618305 0.967853904 0.007502704
0.962468863 -0.046160273 0.267437726 0.060634319 0.046880886 0.998893619 0.003693621 -0.004592349 -0.267312348 0.008982720 0.963568091 0.007851823
0.955838144 -0.051084492 0.289419860 0.066962518 0.051576123 0.998651385 0.005933179 -0.003603425 -0.289332628 0.009255996 0.957183838 0.009633360
0.951087594 -0.052927639 0.304353535 0.070864335 0.053566385 0.998544574 0.006256834 -0.004591654 -0.304241747 0.010352323 0.952538550 0.010338879
0.941324472 -0.055844814 0.332850754 0.073725484 0.057730071 0.998323321 0.004231466 -0.004177667 -0.332528919 0.015232317 0.942970037 0.011944075
0.933281064 -0.058244664 0.354392499 0.077025935 0.060265433 0.998168051 0.005342598 -0.005029578 -0.354054451 0.016371472 0.935081482 0.012964431
0.922314525 -0.062123157 0.381414175 0.080458604 0.062881507 0.997965813 0.010487994 -0.006904548 -0.381289840 0.014310669 0.924344778 0.014627865
0.913574934 -0.063586146 0.401668549 0.082684726 0.064437114 0.997856498 0.011406708 -0.003740420 -0.401532888 0.015461483 0.915714145 0.017494302
0.904362321 -0.067850672 0.421337306 0.088225842 0.066047452 0.997637570 0.018891180 -0.006833685 -0.421623677 0.010743783 0.906707227 0.018540848
0.895521224 -0.069053464 0.439628631 0.090332814 0.067979440 0.997520566 0.018209023 -0.004549974 -0.439795941 0.013579141 0.897995055 0.019656103
0.889265239 -0.075639307 0.451094478 0.099636897 0.071495458 0.997095466 0.026249923 -0.005325551 -0.451769769 0.008908064 0.892090082 0.020488515
0.878216743 -0.076958768 0.472030371 0.104678653 0.071656644 0.997000933 0.029230960 -0.007568953 -0.472864300 0.008152994 0.881097555 0.020997163
0.878891706 -0.077540375 0.470677048 0.119935431 0.071953773 0.996960223 0.029882696 -0.007020072 -0.471563399 0.007603332 0.881799340 0.018144675
0.865557551 -0.081234515 0.494177192 0.124686837 0.075932801 0.996636152 0.030833147 -0.005582285 -0.495019555 0.010836395 0.868814290 0.018705003
0.854736924 -0.082434431 0.512473822 0.128987432 0.078187063 0.996490657 0.029885955 -0.004665093 -0.513139009 0.014524193 0.858182669 0.019077586
0.840969384 -0.092281409 0.533155382 0.136950225 0.087220147 0.995582998 0.034744721 -0.006001391 -0.534006655 0.017282641 0.845303595 0.017898845
0.832623065 -0.097947165 0.545110285 0.144121364 0.091852196 0.995028377 0.038491242 -0.005783059 -0.546170354 0.018020879 0.837480247 0.017934371
0.815964758 -0.104157120 0.568641365 0.148288071 0.097855538 0.994326115 0.041712563 -0.006979152 -0.569759488 0.021608712 0.821527362 0.017908137
0.806507885 -0.107532859 0.581361949 0.152759418 0.103178076 0.993830323 0.040689766 -0.007866465 -0.582150519 0.027167184 0.812627017 0.018087886
0.796204746 -0.111522011 0.594660282 0.161195755 0.107715786 0.993291736 0.042057753 -0.006397624 -0.595361471 0.030567721 0.802876294 0.015544565
0.786670208 -0.114713237 0.606622517 0.165581733 0.111505084 0.992826879 0.043144871 -0.006275457 -0.607220292 0.033700708 0.793818474 0.014686107
0.775722623 -0.116170123 0.620289385 0.169148251 0.112666324 0.992613256 0.045001861 -0.006746468 -0.620935261 0.034976766 0.783081055 0.013787443
0.757415414 -0.120015606 0.641808450 0.173922911 0.117984682 0.991937697 0.046251476 -0.005653404 -0.642184854 0.040691979 0.765469015 0.011776553
0.744694173 -0.119863108 0.656554222 0.177049682 0.119683243 0.991777539 0.045312498 -0.005853695 -0.656586945 0.044834588 0.752916634 0.010778073
0.728053749 -0.123802856 0.674248159 0.183264866 0.124064490 0.991111577 0.048019152 -0.007527688 -0.674200058 0.048689738 0.736942112 0.007493477
0.714954674 -0.127374128 0.687470376 0.187435105 0.128527939 0.990452528 0.049844105 -0.008303111 -0.687255621 0.052722890 0.724499762 0.005823093
0.697266579 -0.127054244 0.705461979 0.193318948 0.128927335 0.990345299 0.050932370 -0.008782677 -0.705121994 0.055439893 0.706915379 0.003437780
0.684915185 -0.131312981 0.716692626 0.199164778 0.132759348 0.989651442 0.054451846 -0.010073685 -0.716425955 0.057852719 0.695260346 0.001033101
0.661358654 -0.131592184 0.738436460 0.205062509 0.134559736 0.989333808 0.055788636 -0.009932008 -0.737901330 0.062467515 0.672011375 -0.001584813
0.643171668 -0.132251039 0.754214823 0.210380927 0.134750992 0.989149034 0.058535025 -0.011862874 -0.753772020 0.063983127 0.654013634 -0.006424398
0.622364759 -0.136964902 0.770650923 0.216326788 0.143650666 0.987834811 0.059554353 -0.011723709 -0.769432664 0.073639981 0.634468734 -0.011439592
0.593890190 -0.140484929 0.792185903 0.220618352 0.150074467 0.986699104 0.062470924 -0.011501606 -0.790425181 0.081785999 0.607074022 -0.011889200
0.568551898 -0.140569881 0.810548604 0.219488606 0.149102911 0.986582160 0.066511765 -0.013231804 -0.809022248 0.083039746 0.581882536 -0.010541227
0.533158004 -0.143430248 0.833768785 0.218599156 0.149839386 0.985952616 0.073794261 -0.013539781 -0.832640767 0.085587397 0.547159910 -0.009668011
0.504963279 -0.151264772 0.849783063 0.220535710 0.151472941 0.984775245 0.085284784 -0.017933616 -0.849745870 0.085653439 0.520187914 -0.009747335
0.472800434 -0.140508860 0.869894862 0.219281867 0.153567180 0.985236347 0.075673290 -0.010952653 -0.867684722 0.097808920 0.487397701 -0.006614322
0.456635416 -0.147167966 0.877397180 0.227333501 0.159113750 0.983831346 0.082210779 -0.012078419 -0.875309587 0.102065600 0.472668707 -0.013433054
0.435506076 -0.151652396 0.887319624 0.228773013 0.160436243 0.983001769 0.089261711 -0.014881866 -0.885773480 0.103484176 0.452433735 -0.013951165
0.424618483 -0.149128169 0.893006146 0.233238414 0.164487407 0.982633233 0.085882865 -0.012733767 -0.890305042 0.110420816 0.441773862 -0.019325264
0.392664522 -0.147135019 0.907835901 0.234425157 0.166608542 0.982166827 0.087119162 -0.012285857 -0.904464543 0.117044590 0.410175979 -0.018160107
0.382056117 -0.150992960 0.911720514 0.239881501 0.168465540 0.981410444 0.091939144 -0.014104608 -0.908654153 0.118467554 0.400390953 -0.024868550
0.342265606 -0.148340151 0.927819788 0.239250988 0.169128731 0.981056809 0.094461448 -0.014029972 -0.924256265 0.124590054 0.360870510 -0.020699464
0.337860584 -0.158437386 0.927765012 0.246379271 0.168098927 0.980038404 0.106148362 -0.018618368 -0.926063120 0.120092936 0.357749522 -0.029791418
0.365101069 -0.164951235 0.916238129 0.264775813 0.178983435 0.978255033 0.104795165 -0.014675837 -0.913600564 0.125730634 0.386685461 -0.057657894
0.344189852 -0.163917974 0.924480617 0.267825902 0.180849507 0.977778018 0.106036648 -0.012331089 -0.921317995 0.130695105 0.366185755 -0.058824271
0.323926538 -0.163593739 0.931830883 0.270523250 0.181243792 0.977424264 0.108593546 -0.011509220 -0.928559244 0.133712202 0.346263975 -0.060806174
0.301393420 -0.160470396 0.939899623 0.272973388 0.184465706 0.976926804 0.107640304 -0.009838344 -0.935486197 0.140937164 0.324040592 -0.062640324
0.285603046 -0.163664028 0.944269598 0.274719566 0.185117677 0.976174414 0.113203332 -0.011165363 -0.940299034 0.142469779 0.309095472 -0.063847438
0.268213391 -0.165406018 0.949053466 0.278185517 0.186072409 0.975493610 0.117427938 -0.010605486 -0.945218861 0.145096928 0.292417914 -0.066223681
0.248751760 -0.163155377 0.954726636 0.280885965 0.186441049 0.975341856 0.118101589 -0.009292433 -0.950453758 0.148622245 0.273036867 -0.067348562
0.236644715 -0.163584769 0.957726121 0.283876449 0.187427595 0.974895597 0.120205879 -0.007635606 -0.953346789 0.151058257 0.261364192 -0.069884360
0.216648266 -0.166156009 0.962006092 0.287451714 0.189162850 0.973879099 0.125606313 -0.006905295 -0.957747877 0.154763445 0.242419735 -0.073372893
0.199473858 -0.163464472 0.966172695 0.289327621 0.190028355 0.973723114 0.125509098 -0.006970407 -0.961300910 0.158564419 0.225295186 -0.075053498
0.182459205 -0.162901446 0.969624639 0.291546553 0.189126372 0.973577559 0.127976701 -0.006600131 -0.964852273 0.160031065 0.208447129 -0.079597808
0.170126826 -0.163262606 0.971803665 0.293778121 0.193372205 0.972537041 0.129533529 -0.007488433 -0.966262937 0.165882677 0.197025076 -0.085881844
0.144804075 -0.167163402 0.975237489 0.296303988 0.194293648 0.971240520 0.137629390 -0.007989427 -0.970196784 0.169553146 0.173118338 -0.089164637
0.130899727 -0.164178446 0.977706850 0.297636539 0.197816193 0.970686555 0.136515066 -0.005858311 -0.971459806 0.175536484 0.159539744 -0.092489019
0.109549068 -0.165046051 0.980183065 0.299025446 0.197466850 0.970076501 0.141274586 -0.006191850 -0.974169314 0.178077176 0.138862088 -0.095489457
0.122202121 -0.168157741 0.978156209 0.302895039 0.208840340 0.967834532 0.140292659 -0.001645566 -0.970284700 0.187134400 0.153389558 -0.119835436
0.095156334 -0.171188205 0.980632305 0.305880040 0.208041623 0.966769040 0.148580655 -0.000553066 -0.973480344 0.189873964 0.127608463 -0.123403177
0.071596503 -0.169279337 0.982964098 0.307123095 0.209061474 0.966149628 0.151156187 0.000612677 -0.975277960 0.194677681 0.104562722 -0.125655428
0.043877676 -0.168983817 0.984641612 0.309603125 0.209787369 0.965174258 0.156294271 0.000551381 -0.976761997 0.199707583 0.077800274 -0.128270119
0.022945128 -0.165918186 0.985872447 0.310475707 0.209406465 0.965054274 0.157540843 -0.000584069 -0.977559447 0.202833325 0.056887627 -0.127061248
0.005785995 -0.166129917 0.986086845 0.311480403 0.207635954 0.964811265 0.161327198 -0.002242238 -0.978189051 0.203813657 0.040076941 -0.130612701
-0.012252884 -0.170474738 0.985285759 0.312435359 0.207330450 0.963512540 0.169285864 -0.005015789 -0.978194237 0.206354022 0.023538772 -0.132470578
-0.035705488 -0.170027331 0.984792233 0.313106537 0.208441645 0.962480724 0.173732609 -0.005450529 -0.977382839 0.211474940 0.001074922 -0.135569021
-0.057805099 -0.169041961 0.983912230 0.314184457 0.209266543 0.961612821 0.177505270 -0.007326076 -0.976148546 0.216160625 -0.020211315 -0.134442687
-0.069902949 -0.167854205 0.983330250 0.314991146 0.208515689 0.961507797 0.178952068 -0.005935506 -0.975517750 0.217549086 -0.032212030 -0.143017352
-0.088905111 -0.166489542 0.982027054 0.314783514 0.207426637 0.961220264 0.181740850 -0.005962014 -0.974202275 0.219856277 -0.050923035 -0.145833567
-0.104511470 -0.159889460 0.981586814 0.315195441 0.209832460 0.961228251 0.178914562 -0.003719684 -0.972135603 0.224667430 -0.066909373 -0.154913336
-0.130614892 -0.159011781 0.978598475 0.315083236 0.210128427 0.960190356 0.184066787 -0.005667172 -0.968909562 0.229673237 -0.092002258 -0.152010083
-0.150278211 -0.152091235 0.976874948 0.315846026 0.209764719 0.960693777 0.181841269 -0.002638800 -0.966134131 0.232240692 -0.112467982 -0.154684722
-0.162893638 -0.149587959 0.975237906 0.316101789 0.212956622 0.959810734 0.182791695 -0.001293119 -0.963387370 0.237459004 -0.124491327 -0.158288702
-0.173998907 -0.147397190 0.973652124 0.316195816 0.210607633 0.960287213 0.183011070 0.001477110 -0.961960912 0.236902356 -0.136045963 -0.160383761
-0.203382507 -0.151173472 0.967358291 0.318407714 0.208186328 0.958738148 0.193596542 -0.001891108 -0.956709981 0.240764961 -0.163518324 -0.158528015
-0.212789372 -0.154239908 0.964847505 0.319740355 0.207322687 0.957850695 0.198844790 -0.003077289 -0.954849780 0.242346838 -0.171843037 -0.164758965
-0.237352803 -0.141603410 0.961047411 0.320845366 0.209130943 0.958672345 0.192903161 0.003401291 -0.948645353 0.246770859 -0.197929904 -0.165842503
-0.252692431 -0.144876316 0.956638515 0.320769876 0.208935276 0.957227290 0.200154915 0.002203203 -0.944718301 0.250453174 -0.211614311 -0.168575004
-0.272769421 -0.142981187 0.951395392 0.323199183 0.206228495 0.957218766 0.202982992 0.003617721 -0.939716280 0.251572430 -0.231613234 -0.170716956
-0.281798720 -0.134439856 0.950008094 0.322607100 0.207316518 0.958213210 0.197096840 0.010731432 -0.936808109 0.252494037 -0.242151678 -0.177781448
-0.301027179 -0.146569237 0.942284465 0.325386226 0.205669671 0.954884350 0.214233413 0.003665399 -0.931172729 0.258289456 -0.257301331 -0.184722975
-0.295169473 -0.140259117 0.945093870 0.325686812 0.206934869 0.956302404 0.206551969 0.007867069 -0.932766259 0.256540745 -0.253246814 -0.199455738
-0.319322109 -0.137242660 0.937655449 0.324258000 0.207631618 0.955282748 0.210532442 0.007668076 -0.924620152 0.261914611 -0.276547045 -0.199731141
-0.337128580 -0.141812891 0.930716634 0.326024592 0.207657099 0.953041375 0.220432997 0.005147247 -0.918271661 0.267584234 -0.291849017 -0.210717320
-0.385036439 -0.131271049 0.913517833 0.323566437 0.195150584 0.955869973 0.219610572 0.005639558 -0.902032793 0.262831658 -0.342427164 -0.196391821
-0.274069905 -0.129231930 0.952987313 0.323342144 0.233979926 0.952194631 0.196414784 0.025850827 -0.932812452 0.276811272 -0.230730161 -0.282033652
-0.292193711 -0.122837536 0.948437572 0.321498603 0.234679177 0.952185571 0.195622653 0.025741719 -0.927118421 0.279738247 -0.249395266 -0.286662340
-0.317638069 -0.118164703 0.940820515 0.323229879 0.233813897 0.951806247 0.198484287 0.027033456 -0.918932617 0.283023119 -0.274701327 -0.290187836
-0.333929896 -0.109733306 0.936188817 0.323089391 0.237726599 0.951290190 0.196298257 0.027612016 -0.912127674 0.288106829 -0.291577697 -0.293789566
-0.359702706 -0.113355994 0.926155686 0.325251251 0.231271937 0.950787961 0.206192821 0.026609996 -0.903950870 0.288361996 -0.315784931 -0.297036588
-0.379149735 -0.101543054 0.919746935 0.324970156 0.240148425 0.949105859 0.203781366 0.029608546 -0.893629789 0.298139483 -0.335467815 -0.300193876
-0.392011732 -0.103396766 0.914131284 0.321040779 0.237001330 0.948773086 0.208949611 0.028212586 -0.888907790 0.298561066 -0.347424984 -0.304011852
-0.418397248 -0.102074862 0.902510166 0.322427452 0.234940514 0.947683156 0.216100708 0.029724402 -0.877352059 0.302452147 -0.372526497 -0.306046814
-0.451027513 -0.113225795 0.885298908 0.328040659 0.222059563 0.946492314 0.234183386 0.030710852 -0.864444196 0.302212238 -0.401751190 -0.308094710
-0.469504952 -0.112192221 0.875772774 0.330465019 0.222203076 0.944954991 0.240178749 0.029784324 -0.854512095 0.307364553 -0.418731570 -0.310082108
-0.478638947 -0.099522635 0.872353196 0.324694663 0.231560796 0.944070458 0.234756276 0.031553019 -0.846926451 0.314366251 -0.428823352 -0.314355135
-0.500618458 -0.102215283 0.859612226 0.329928905 0.228310153 0.942256451 0.245004937 0.027836554 -0.835018277 0.318912208 -0.448374122 -0.313745856
-0.518072009 -0.089730240 0.850617349 0.324523449 0.238184467 0.940011203 0.244227439 0.026212893 -0.821504474 0.329131246 -0.465621144 -0.314750642
-0.531495988 -0.084744900 0.842811048 0.323908150 0.243259951 0.937799871 0.247701347 0.029236201 -0.811379492 0.336674422 -0.477821797 -0.320744663
-0.568638623 -0.089943826 0.817655325 0.326616675 0.232339785 0.935968518 0.264539272 0.030305102 -0.789093375 0.340401083 -0.511330307 -0.324054420
-0.589727998 -0.087297693 0.802869916 0.326494277 0.230117917 0.934764981 0.270666242 0.031403158 -0.774123132 0.344374210 -0.531168342 -0.325729311
-0.611847103 -0.084891200 0.786407471 0.327596456 0.229614288 0.932348430 0.279291570 0.029843375 -0.756915033 0.351454169 -0.550962389 -0.332406372
-0.632294834 -0.081926368 0.770383894 0.331601024 0.226535171 0.931380689 0.284976870 0.031776477 -0.740867794 0.354708493 -0.570347905 -0.331643969
-0.645253479 -0.073401287 0.760434151 0.323146015 0.230580866 0.930243075 0.285447568 0.031827003 -0.728340864 0.359527618 -0.583317637 -0.342046291
-0.666314363 -0.065229006 0.742812514 0.320028394 0.231732026 0.928727746 0.289422095 0.028578315 -0.708749235 0.364979535 -0.603708863 -0.344705313
-0.683187127 -0.058408216 0.727903724 0.310179114 0.234800205 0.926293015 0.294703305 0.024371266 -0.691465259 0.372249424 -0.619117260 -0.355450183
-0.707401872 -0.053281736 0.704800427 0.308252841 0.228219241 0.926526725 0.299105525 0.026046295 -0.668953300 0.372436792 -0.643266916 -0.362312347
-0.723679662 -0.051490135 0.688212574 0.305336148 0.222072840 0.926801324 0.302858174 0.028563933 -0.653430402 0.372005612 -0.659272730 -0.364471823
-0.742239237 -0.048721921 0.668361485 0.305564582 0.218657345 0.925160646 0.310268760 0.030795351 -0.633458674 0.376435786 -0.676037133 -0.369694591
-0.761376321 -0.049292941 0.646433473 0.302684128 0.211293668 0.923795462 0.319306910 0.030655064 -0.612911820 0.379700035 -0.692940831 -0.372626930
-0.777252555 -0.043733653 0.627666950 0.302383363 0.210373148 0.922103643 0.324758410 0.035620552 -0.592976749 0.384463608 -0.707507133 -0.380192012
-0.789028645 -0.039715175 0.613071382 0.298499882 0.208475322 0.921387732 0.327997863 0.038071737 -0.577902913 0.386609942 -0.718721747 -0.384088933
-0.805592418 -0.033813480 0.591504395 0.291847318 0.204879552 0.920877635 0.331675559 0.041580357 -0.555918336 0.388382435 -0.734924436 -0.392049491
-0.823743999 -0.026562957 0.566339314 0.283364743 0.203138798 0.918755949 0.338558972 0.049180973 -0.529320717 0.393931448 -0.751423717 -0.401746660
-0.837536454 -0.023134349 0.545891523 0.280607164 0.200457901 0.916422486 0.346390575 0.048935983 -0.508280814 0.399542958 -0.762899756 -0.403076679
-0.855915785 -0.020486198 0.516709328 0.278784275 0.194295838 0.913261116 0.358054668 0.052988280 -0.479225665 0.406859070 -0.777694285 -0.405081958
-0.868645012 -0.021876596 0.494951725 0.275717199 0.184999019 0.912440181 0.365004510 0.056193314 -0.459598899 0.408624917 -0.788539529 -0.404598743
-0.881990373 -0.016034527 0.470994532 0.272410154 0.179291308 0.912851274 0.366820395 0.063411474 -0.435829699 0.407977253 -0.802251220 -0.407083392
-0.892331064 -0.009665374 0.451277882 0.261193037 0.179450601 0.909770012 0.374320686 0.061373502 -0.414177001 0.415000021 -0.810081661 -0.409849703
-0.903331459 -0.005897942 0.428902537 0.266982794 0.172893673 0.910076678 0.376654178 0.061857585 -0.392555594 0.414398134 -0.821081161 -0.408273548
-0.911664069 0.001239721 0.410934418 0.259731114 0.172937125 0.908289611 0.380923539 0.065455377 -0.372775108 0.418340087 -0.828269482 -0.411352992
-0.920949101 0.003291638 0.389669061 0.249875456 0.168765903 0.904689968 0.391221464 0.060693093 -0.351241887 0.426057875 -0.833728909 -0.411371350
-0.927583933 0.012083439 0.373419344 0.244903684 0.171278641 0.902015328 0.396272659 0.062783100 -0.332041591 0.431534916 -0.838764608 -0.413880587
-0.936504066 0.019473409 0.350115657 0.246262714 0.167800054 0.901603103 0.398691595 0.067662425 -0.307901472 0.432125658 -0.847622693 -0.418995202
-0.943401396 0.027078612 0.330545872 0.248388872 0.165664971 0.901889741 0.398936093 0.069156289 -0.287313223 0.431116700 -0.855330110 -0.415758580
-0.949110448 0.031966560 0.313317060 0.245065957 0.163085997 0.900952101 0.402104825 0.065243065 -0.269429743 0.432739466 -0.860316336 -0.416722536
-0.953882515 0.032639269 0.298400402 0.234791577 0.156665698 0.902076781 0.402136028 0.070599347 -0.256054640 0.430339605 -0.865588725 -0.422663003
-0.956881762 0.040425528 0.287650794 0.236084387 0.158916727 0.901784122 0.401908934 0.072297394 -0.243151516 0.430291951 -0.869325161 -0.422733843
-0.959837079 0.043768540 0.277122676 0.236151889 0.157366663 0.901732862 0.402633339 0.072688632 -0.232267916 0.430072308 -0.872404456 -0.424677163
-0.961917937 0.049850602 0.268753916 0.235981226 0.159261510 0.901306033 0.402843893 0.072780736 -0.222147509 0.430305004 -0.874921858 -0.425886333
-0.962976635 0.052004293 0.264521509 0.234842151 0.159257472 0.901439130 0.402547628 0.073926628 -0.217515826 0.429770976 -0.876346886 -0.426206261
-0.963762105 0.053381685 0.261367351 0.235738650 0.159192324 0.901281774 0.402925611 0.074307956 -0.214056760 0.429932207 -0.877119184 -0.426754326
-0.964445055 0.054057587 0.258695602 0.237458274 0.158319980 0.901955724 0.401759356 0.074432530 -0.211613804 0.428431571 -0.878445208 -0.426943213
-0.964852989 0.056481849 0.256648540 0.235458329 0.159733102 0.901556492 0.402096242 0.073128663 -0.208671987 0.428959072 -0.878891468 -0.427284747
-0.965542257 0.061391093 0.252901286 0.236113399 0.162300438 0.901694119 0.400757045 0.073899806 -0.203436673 0.427993894 -0.880587697 -0.427010179
-0.965771735 0.062502019 0.251750886 0.234729707 0.162732765 0.901777029 0.400395125 0.074122310 -0.201997638 0.427658409 -0.881081939 -0.427507401
-0.965886295 0.062675253 0.251267463 0.234147266 0.162661642 0.901816726 0.400334716 0.073540747 -0.201506063 0.427549452 -0.881247342 -0.427720338
-0.966122508 0.062863171 0.250310481 0.231808841 0.162654176 0.901328504 0.401435614 0.072387256 -0.200376451 0.428550094 -0.881018877 -0.427961200
-0.967239082 0.064203426 0.245614111 0.233765543 0.161660522 0.901740372 0.400911778 0.073689885 -0.195740223 0.427483708 -0.882577777 -0.427817434
-0.967070401 0.067926325 0.245277047 0.232948020 0.164788708 0.901557326 0.400048852 0.072972767 -0.193957448 0.427294344 -0.883062899 -0.427869678
-0.967339098 0.068775795 0.243977115 0.234198719 0.164977357 0.901557446 0.399970889 0.073831439 -0.192451015 0.427158237 -0.883458257 -0.429190367
-0.967742980 0.067519747 0.242723107 0.234016210 0.163594618 0.901087284 0.401594996 0.073518701 -0.191599071 0.428348958 -0.883066833 -0.429350913
-0.968120873 0.068785012 0.240853786 0.234888658 0.163988173 0.900891900 0.401872456 0.073992707 -0.189340413 0.428558350 -0.883452296 -0.429626673
-0.967897177 0.069364436 0.241585344 0.233562514 0.164758295 0.900957882 0.401409596 0.075076029 -0.189814627 0.428326517 -0.883463025 -0.428581744
-0.968021691 0.068651669 0.241290167 0.233473048 0.164098263 0.900794804 0.402045459 0.074670292 -0.189751789 0.428784013 -0.883254588 -0.428505689
-0.967886031 0.068938240 0.241752341 0.233113348 0.164622411 0.900598168 0.402271569 0.073989503 -0.189989805 0.429150879 -0.883025169 -0.428992093
-0.968106329 0.071309566 0.240176931 0.232699648 0.165905148 0.900805891 0.401278168 0.073841959 -0.187737793 0.428326577 -0.883906603 -0.428672910
-0.967661202 0.071414150 0.241933167 0.232779175 0.166624069 0.901028156 0.400480539 0.072993219 -0.189388603 0.427841395 -0.883789420 -0.428010702
-0.966699839 0.072785474 0.245343834 0.235017717 0.168987051 0.901514649 0.398390204 0.074017644 -0.192184016 0.426583767 -0.883793890 -0.426937878
-0.964740634 0.072383136 0.253053814 0.238332868 0.171658456 0.901859403 0.396462977 0.074532665 -0.199521720 0.425922811 -0.882485628 -0.425026327
-0.961861372 0.068359524 0.264857560 0.238263294 0.172628164 0.902792752 0.393909454 0.074977711 -0.212184012 0.424608231 -0.880162418 -0.423242241
-0.960111916 0.067739666 0.271286368 0.239032820 0.174667150 0.902924180 0.392707765 0.074957460 -0.218349069 0.424428284 -0.878740251 -0.422852814
-0.958427548 0.064874277 0.277862847 0.240977287 0.174794599 0.903188109 0.392043471 0.074312553 -0.225528851 0.424314290 -0.876980186 -0.422403902
-0.955739796 0.062001824 0.287605792 0.237210587 0.176094010 0.903662384 0.390365392 0.075011156 -0.235695168 0.423733443 -0.874584377 -0.421071380
-0.952180088 0.061178185 0.299349695 0.239447311 0.180576459 0.903006494 0.389835119 0.072759993 -0.246465296 0.425248802 -0.870872200 -0.418990791
-0.948440075 0.059019741 0.311412811 0.239179343 0.183331549 0.903628886 0.387097299 0.072818123 -0.258555233 0.424230456 -0.867858171 -0.417000145
-0.944144070 0.058244336 0.324344695 0.242045194 0.187824249 0.903842747 0.384434998 0.074479386 -0.270765424 0.423881829 -0.864297628 -0.413256466
-0.939879358 0.054686956 0.337099642 0.242827445 0.190684557 0.902928710 0.385174096 0.071580343 -0.283312917 0.426296860 -0.859072089 -0.410935462
-0.933634758 0.048804808 0.354885966 0.243045971 0.193832591 0.901949227 0.385896891 0.067083895 -0.301255524 0.429075271 -0.851551235 -0.409289956
-0.925130665 0.047186423 0.376704901 0.245531321 0.202067852 0.901223421 0.383360237 0.067341134 -0.321405828 0.430778265 -0.843284369 -0.405353248
-0.918297946 0.045082234 0.393314689 0.243091241 0.207271010 0.901197731 0.380632997 0.067591444 -0.337294489 0.431057274 -0.836912215 -0.405191183
-0.912214875 0.040623087 0.407693297 0.249318093 0.209183514 0.901782453 0.378193825 0.067216597 -0.352287292 0.430276781 -0.831117094 -0.401958823
-0.906004906 0.039184980 0.421449274 0.247507125 0.214394823 0.901008189 0.377119631 0.066184707 -0.364951789 0.432028890 -0.824718952 -0.399782360
-0.898253858 0.035661772 0.438027740 0.252914280 0.218740508 0.900751591 0.375232160 0.066426538 -0.381172746 0.432868153 -0.816904247 -0.395031005
-0.889719784 0.032277364 0.455364496 0.252754807 0.223290116 0.900799274 0.372427344 0.066610232 -0.398171037 0.433034450 -0.808666229 -0.394263804
-0.879973054 0.024666185 0.474382758 0.254549444 0.224657014 0.901517034 0.369859815 0.064160742 -0.418541104 0.432040125 -0.798852146 -0.391999990
-0.874110818 0.023917159 0.485137373 0.259096473 0.228421316 0.901694357 0.367111564 0.063674375 -0.428665400 0.431711912 -0.793644011 -0.388593793
-0.861100197 0.020161277 0.508035362 0.254254639 0.234957248 0.901900172 0.362451732 0.062274858 -0.450889677 0.431473851 -0.781363547 -0.385377586
-0.849102795 0.015024530 0.528013885 0.256000549 0.239087850 0.902272820 0.358804911 0.062145393 -0.471021593 0.430903971 -0.769714594 -0.381080121
-0.840103745 0.012686731 0.542277336 0.258089036 0.242808864 0.902767241 0.355042517 0.063570686 -0.485045820 0.429942369 -0.761498690 -0.378714144
-0.828225553 0.007915721 0.560338914 0.258720905 0.246869832 0.902802944 0.352139741 0.062146805 -0.503088057 0.429981977 -0.749678552 -0.375520974
-0.816366553 0.001984511 0.577530682 0.259148061 0.250305772 0.902410030 0.350717992 0.060351033 -0.520473540 0.430873781 -0.737194121 -0.372466803
-0.806151807 0.000434162 0.591708660 0.255904585 0.255860686 0.901932776 0.347926229 0.060862824 -0.533530295 0.431876361 -0.727205753 -0.370760798
-0.794636846 -0.004350429 0.607069492 0.259733856 0.258847117 0.902094305 0.345288306 0.061106384 -0.549136043 0.431517065 -0.715711415 -0.368459642
-0.784783423 -0.009932979 0.619690478 0.256416172 0.263179660 0.899904728 0.347718328 0.051498313 -0.561116219 0.435973585 -0.703616083 -0.364393681
-0.770597458 -0.011693136 0.637214899 0.254773289 0.269690692 0.899918556 0.342656583 0.053754725 -0.577448249 0.435901284 -0.690321445 -0.361899465
-0.760436118 -0.013615995 0.649269998 0.257389545 0.275393814 0.898671091 0.341392249 0.052892305 -0.588128507 0.438411981 -0.679632127 -0.359391302
-0.745520711 -0.022105670 0.666115701 0.255898088 0.275723964 0.899682522 0.338448733 0.050537366 -0.606774390 0.435984552 -0.664636970 -0.357518137
-0.732565105 -0.025331823 0.680225372 0.259443343 0.279251784 0.900160074 0.334260970 0.051718432 -0.620779216 0.434822083 -0.652351916 -0.352653295
-0.720441520 -0.029263100 0.692898035 0.259772927 0.282749593 0.899906695 0.331994861 0.050465293 -0.633258820 0.435099572 -0.640056014 -0.349889636
-0.707168877 -0.034887269 0.706183434 0.260137022 0.283969671 0.900672793 0.328861505 0.048839778 -0.647513270 0.433095336 -0.627020776 -0.345649004
-0.691530943 -0.040448837 0.721213520 0.258903354 0.287178308 0.900740266 0.325876534 0.047284480 -0.662807405 0.432470590 -0.611273706 -0.344944566
-0.677548289 -0.042883411 0.734226942 0.259834230 0.291036725 0.901179850 0.321204662 0.048494410 -0.675444961 0.431318671 -0.598112345 -0.341300607
-0.661203802 -0.049343586 0.748581827 0.261337340 0.290717036 0.903013766 0.316306293 0.048295941 -0.691587389 0.426768392 -0.582731187 -0.337208897
-0.648806155 -0.055726413 0.758910537 0.261092812 0.289850473 0.904033780 0.314181119 0.047137115 -0.703588843 0.423813254 -0.570390284 -0.334250748
-0.631381392 -0.059818972 0.773161829 0.259839475 0.294255376 0.903973341 0.310235322 0.046921723 -0.717475712 0.423383802 -0.553149879 -0.332829356
-0.621832430 -0.061854564 0.780703783 0.262727708 0.295847893 0.904455125 0.307302833 0.046644889 -0.725119650 0.422060490 -0.544119954 -0.327466249
-0.601386428 -0.062965922 0.796473265 0.262284964 0.304878950 0.903368652 0.301619053 0.045205243 -0.738500655 0.424217552 -0.524076641 -0.325642645
-0.579774737 -0.067823678 0.811949074 0.260842204 0.306858569 0.904977977 0.294707865 0.046454754 -0.754784107 0.420017749 -0.503871083 -0.321621209
-0.565080523 -0.071905509 0.821896255 0.260402322 0.307447523 0.906089246 0.290651500 0.046737961 -0.765610874 0.416931510 -0.489906222 -0.318949252
-0.544157922 -0.073294893 0.835775077 0.260037988 0.310427308 0.907888532 0.281732649 0.047569182 -0.779440165 0.412754446 -0.471282095 -0.313129395
-0.517872751 -0.079294540 0.851774752 0.259571761 0.311648190 0.909782231 0.274174392 0.046287104 -0.796670139 0.407441407 -0.446439445 -0.307569385
-0.499216467 -0.083154768 0.862478018 0.259082615 0.311926603 0.911401391 0.268419921 0.046564132 -0.808384120 0.403029442 -0.429048389 -0.303245902
-0.473944157 -0.087830462 0.876163721 0.257977098 0.312040359 0.913690686 0.260384619 0.045339357 -0.823412359 0.396806180 -0.405631691 -0.297928989
-0.448965818 -0.092559107 0.888742149 0.257319808 0.312273651 0.915652335 0.253112942 0.044657148 -0.837206721 0.391169786 -0.382192761 -0.292135626
-0.430082917 -0.095913656 0.897679925 0.256748825 0.312894642 0.916872799 0.247873664 0.043988716 -0.846832752 0.387485474 -0.364320368 -0.287740886
-0.402979821 -0.099319965 0.909803808 0.255897820 0.314373136 0.918584645 0.239523977 0.041640718 -0.859521329 0.382541180 -0.338947505 -0.283317924
-0.375660658 -0.103375591 0.920973778 0.252524257 0.314481437 0.920575857 0.231606349 0.042874116 -0.871768713 0.376634419 -0.313314408 -0.281009853
-0.356748432 -0.106568269 0.928102255 0.250950098 0.315776736 0.921240151 0.227160096 0.043477312 -0.879213154 0.374112070 -0.294999212 -0.277289003
-0.333767533 -0.112321146 0.935939789 0.250272334 0.314888060 0.922557771 0.223008096 0.042791035 -0.888507068 0.369149059 -0.272551209 -0.271925628
-0.312136829 -0.112738065 0.943324268 0.251273334 0.319948107 0.922457933 0.216112033 0.043166824 -0.894541144 0.369271338 -0.251862794 -0.268614858
-0.288529664 -0.116463199 0.950361490 0.251778603 0.321560740 0.923137069 0.210752726 0.040768165 -0.901858926 0.366407335 -0.228902400 -0.264026880
-0.266911983 -0.119854584 0.956238925 0.247913912 0.318521261 0.925503194 0.204909995 0.040605403 -0.909561574 0.359275341 -0.208851650 -0.261650890
-0.244029790 -0.124183737 0.961783707 0.244951069 0.319389015 0.926144004 0.200619340 0.039735559 -0.915663779 0.356140256 -0.186343759 -0.259092540
-0.228382424 -0.126951039 0.965259075 0.245989338 0.317585647 0.927512765 0.197128102 0.038731046 -0.920315623 0.351572990 -0.171509758 -0.254350096
-0.202237263 -0.128151625 0.970915675 0.248402789 0.318195254 0.929014862 0.188899741 0.039776955 -0.926202893 0.347143352 -0.147104174 -0.249741971
-0.181112155 -0.132135764 0.974545240 0.246277094 0.314307868 0.931186318 0.184668705 0.038310718 -0.931884706 0.339753032 -0.127117872 -0.247299418
-0.155088201 -0.134476185 0.978705168 0.244053528 0.313003540 0.932962596 0.177790448 0.038371529 -0.937004030 0.333911359 -0.102599978 -0.242510304
-0.134626955 -0.137157410 0.981357992 0.242512688 0.310744405 0.934571207 0.173247635 0.036179848 -0.940910995 0.328275323 -0.083197564 -0.239523962
-0.113115780 -0.136465132 0.984165609 0.240323052 0.311952442 0.935558021 0.165579677 0.035953376 -0.943340063 0.325742573 -0.063255757 -0.235501617
-0.078062043 -0.136545837 0.987553239 0.237204775 0.314749330 0.936537325 0.154371679 0.035949167 -0.945959389 0.322882324 -0.030130310 -0.232301265
-0.052157059 -0.138267040 0.989020586 0.233787999 0.313774198 0.937943637 0.147673592 0.034859151 -0.948064029 0.318031400 -0.005535752 -0.230920389
-0.024949960 -0.138632014 0.990029633 0.230556250 0.310184956 0.940385938 0.139497563 0.032827765 -0.950348854 0.310572773 0.019538974 -0.227077574
-0.005253745 -0.136716023 0.990596294 0.227016136 0.310320556 0.941481173 0.131583318 0.030348519 -0.950617433 0.308093756 0.037479501 -0.225674376
0.019614758 -0.134942323 0.990659237 0.222547740 0.304127991 0.944701314 0.122660547 0.027879398 -0.952429235 0.298881233 0.059569847 -0.223593757
0.036378082 -0.134494469 0.990246356 0.219878733 0.304711193 0.945208430 0.117183477 0.026910644 -0.951749861 0.297476232 0.075366855 -0.220396474
0.060888056 -0.133149803 0.989223838 0.217046589 0.302274525 0.946984529 0.108859010 0.025356147 -0.951274335 0.292388976 0.097907849 -0.217990100
0.076157652 -0.129483953 0.988652587 0.214815199 0.306631267 0.946524024 0.100346059 0.025278987 -0.948776722 0.295509666 0.111788884 -0.215228915
0.097758718 -0.129949391 0.986689568 0.211737096 0.306735009 0.947107434 0.094345793 0.025828581 -0.946761250 0.293429166 0.132448032 -0.212066144
0.108073853 -0.131563172 0.985399008 0.211376190 0.304959655 0.947804034 0.093097262 0.022736179 -0.946213305 0.290445566 0.142554268 -0.204527080
0.131476194 -0.132579580 0.982413709 0.209063172 0.301499814 0.949417114 0.087776966 0.022601878 -0.944357872 0.284657001 0.164798483 -0.202350080
0.142957643 -0.135052592 0.980471313 0.208044872 0.301573873 0.949482322 0.086813115 0.021149362 -0.942664504 0.283273906 0.176464081 -0.201120958
0.161021858 -0.137353793 0.977346420 0.206638217 0.300081372 0.950199187 0.084098928 0.021758080 -0.940225065 0.279741704 0.194220155 -0.198156148
0.173687622 -0.136667177 0.975271642 0.204421535 0.300864041 0.950339854 0.079592101 0.022409754 -0.937717080 0.279599994 0.206180528 -0.194027066
0.203449577 -0.139311835 0.969123602 0.201953351 0.300629705 0.950898409 0.073580302 0.021420104 -0.931788623 0.276377469 0.235341161 -0.194956675
0.220822200 -0.143055573 0.964765668 0.199017555 0.299957663 0.951202095 0.072388001 0.018354876 -0.928042531 0.273403972 0.252957165 -0.192192182
0.249202728 -0.141798496 0.958014190 0.195120603 0.301527441 0.951414227 0.062387016 0.021402812 -0.920314729 0.273320556 0.279851139 -0.189721152
0.274017036 -0.144159541 0.950859010 0.193547964 0.298441321 0.952638030 0.058424909 0.022600096 -0.914246917 0.267766148 0.304062188 -0.187359214
0.289453983 -0.143535972 0.946368814 0.190040067 0.296708763 0.953447998 0.053859103 0.022441724 -0.910044074 0.265206188 0.318567693 -0.179522470
0.205351219 -0.136722982 0.969091177 0.189093024 0.277954012 0.957567394 0.076198466 0.006569779 -0.938388228 0.253715336 0.234640405 -0.091491349
0.233840480 -0.133316085 0.963091612 0.185378298 0.275086492 0.959152818 0.065979317 0.009206256 -0.932548225 0.249504879 0.260962248 -0.089063190
0.270631105 -0.133249342 0.953416705 0.179751620 0.267459959 0.961791456 0.058500227 0.010443084 -0.924783289 0.239168808 0.295929551 -0.084624380
0.301506311 -0.132700309 0.944184601 0.175942868 0.262894869 0.963451207 0.051457945 0.011938727 -0.916504443 0.232706413 0.325372905 -0.082592033
0.335331321 -0.139553756 0.931706846 0.168666780 0.255917042 0.965273499 0.052474152 0.006167711 -0.906674802 0.220843449 0.359400660 -0.080444045
0.364498198 -0.130133376 0.922066331 0.161922425 0.253574282 0.966638803 0.036184631 0.010981464 -0.896013916 0.220623091 0.385336608 -0.078211151
0.407082498 -0.131664053 0.903851986 0.154564187 0.252565354 0.967199087 0.027139882 0.010597896 -0.877778172 0.217233479 0.426983625 -0.075700372
0.427551419 -0.135549843 0.893770635 0.147523835 0.247443005 0.968482852 0.028511895 0.005584273 -0.869466364 0.208967000 0.447617143 -0.069005847
0.464813471 -0.136655793 0.874799073 0.139402777 0.245041460 0.969280481 0.021215407 0.002934230 -0.850825012 0.204500854 0.484020948 -0.067737639
0.495808899 -0.134597555 0.857937634 0.134798497 0.240928158 0.970455587 0.013015660 0.003993600 -0.834342360 0.200248063 0.513588905 -0.069266178
0.527399004 -0.140616357 0.837900519 0.127679348 0.235924274 0.971662343 0.014566598 -0.000063464 -0.816204667 0.189998671 0.545628548 -0.068209752
0.550203562 -0.141621441 0.822933435 0.123459384 0.232872233 0.972437501 0.011654474 -0.001118673 -0.801901758 0.185226023 0.568018317 -0.068474561
0.575518727 -0.138461336 0.805981755 0.120646395 0.226429939 0.974011183 0.005643026 -0.001269161 -0.785816550 0.179250747 0.591913462 -0.071431451
0.595515847 -0.136354610 0.791686952 0.114060976 0.220878854 0.975299597 0.001831168 -0.004084715 -0.772381604 0.173776433 0.610924244 -0.067827582
0.617281020 -0.126525059 0.776502132 0.108831853 0.215887979 0.976337671 -0.012533624 0.001496827 -0.756542504 0.175374269 0.629989922 -0.068156362
0.642811894 -0.123620652 0.755983353 0.103508681 0.209387064 0.977663934 -0.018171046 0.001807412 -0.736851454 0.169973701 0.654338479 -0.068944968
0.660090744 -0.122417338 0.741143882 0.099299103 0.204184532 0.978724062 -0.020195141 0.001424429 -0.722903192 0.164660737 0.671042323 -0.068552040
0.684037030 -0.123057432 0.718992531 0.093884841 0.202584565 0.978940785 -0.025187204 0.001909273 -0.700751662 0.162885770 0.694561243 -0.068525396
0.703031182 -0.115635999 0.701694667 0.089011945 0.193208471 0.980636656 -0.031972129 0.002708648 -0.684410453 0.158050761 0.711759984 -0.065757915
0.727492988 -0.110175744 0.677211344 0.083117455 0.184276119 0.982132852 -0.038174748 0.002894172 -0.660905600 0.152565747 0.734797537 -0.063532382
0.745097816 -0.109952621 0.657829463 0.080000952 0.178837314 0.983135343 -0.038236309 0.000738381 -0.642531335 0.146134242 0.752195597 -0.063193738
0.770032883 -0.111875586 0.628118753 0.075965621 0.173650786 0.984089017 -0.037606340 -0.001917139 -0.613917530 0.138031423 0.777208149 -0.067737482
0.795822442 -0.106349498 0.596117735 0.070534684 0.165979266 0.985063016 -0.045845095 0.000980078 -0.582337916 0.135427728 0.801587105 -0.068806306
0.814064980 -0.106274113 0.570967555 0.066834539 0.160794675 0.985927165 -0.045744751 -0.000685083 -0.558071077 0.129047722 0.819697201 -0.070347488
0.830911040 -0.101759769 0.547020853 0.063086607 0.154676467 0.986626625 -0.051412083 0.001645445 -0.534473658 0.127330139 0.835538685 -0.071289442
0.850060225 -0.102654271 0.516584694 0.058907479 0.150911272 0.987170219 -0.052162662 -0.000274681 -0.504602313 0.122299880 0.854645669 -0.072852641
0.867950559 -0.099385835 0.486604899 0.050124202 0.141855136 0.988566756 -0.051116876 0.000100000 -0.475961119 0.113394350 0.872125387 -0.072631881
0.880342066 -0.095700301 0.464585066 0.047182351 0.134922713 0.989499331 -0.051837139 0.001938179 -0.454745799 0.108317502 0.884009957 -0.073515549
0.890371442 -0.093383133 0.445553899 0.043520078 0.129718482 0.990202844 -0.051687077 0.001777662 -0.436362028 0.103817277 0.893761814 -0.074087419
0.903689384 -0.091979429 0.418193042 0.041801371 0.126795962 0.990336716 -0.056178689 0.004500006 -0.408984661 0.103793263 0.906619251 -0.075130858
0.910687923 -0.091396198 0.402857780 0.038117357 0.123673968 0.990809262 -0.054788999 0.003261609 -0.394147635 0.099718682 0.913621247 -0.075467601
0.918449461 -0.091355868 0.384843916 0.033366162 0.121675238 0.991037905 -0.055127311 0.004303571 -0.376358718 0.097457625 0.921333790 -0.076467335
0.923826396 -0.089093730 0.372299790 0.028960267 0.118412010 0.991350591 -0.056591529 0.006343883 -0.364037633 0.096365504 0.926385581 -0.076690063
0.930508375 -0.085049957 0.356259286 0.026069915 0.112615764 0.991983831 -0.057322633 0.007780504 -0.348528117 0.093459614 0.932627201 -0.076186158
0.934347868 -0.085359417 0.345988303 0.022772396 0.110176869 0.992515504 -0.052669324 0.004638157 -0.338902920 0.087331384 0.936759293 -0.076755501
0.938760161 -0.083050512 0.334412873 0.019248076 0.108208090 0.992476583 -0.057281706 0.008727256 -0.327139676 0.089959957 0.940684259 -0.077267841
0.942485332 -0.081995793 0.324033976 0.018588796 0.106731914 0.992518723 -0.059286721 0.009631798 -0.316748530 0.090461634 0.944185972 -0.077901855
0.946539521 -0.079331264 0.312681139 0.015982702 0.102868438 0.992914796 -0.059485048 0.009081603 -0.305746645 0.088469975 0.947993755 -0.079183646
0.949603319 -0.079414658 0.303227544 0.016158409 0.102861300 0.992753685 -0.062125701 0.009818352 -0.296096534 0.090185136 0.950890958 -0.079878137
0.953198791 -0.075366922 0.292800128 0.014637596 0.097975485 0.993172824 -0.063311853 0.010273905 -0.286029518 0.089036010 0.954075396 -0.081792079
0.954838693 -0.075855196 0.287278980 0.013976140 0.098649219 0.992951155 -0.065697670 0.011036470 -0.280270517 0.091070510 0.955591261 -0.082290404
0.955064416 -0.073922217 0.287032217 0.012761363 0.096620962 0.993149221 -0.065718979 0.010621791 -0.280207694 0.090499185 0.955663979 -0.083325081
0.954796493 -0.070674673 0.288736582 0.012388108 0.094673589 0.993044436 -0.069997780 0.012949307 -0.281781197 0.094169371 0.954846323 -0.083294742
0.953397274 -0.068183698 0.293912679 0.014245522 0.093573220 0.992918491 -0.073190466 0.013202268 -0.286840916 0.097281925 0.953026056 -0.083554499
0.951648235 -0.069131590 0.299310029 0.015114496 0.094768539 0.992893219 -0.071985595 0.012464271 -0.292206407 0.096870132 0.951436698 -0.083548859
0.950027227 -0.067699142 0.304737717 0.014213772 0.094019212 0.992925346 -0.072523355 0.013849719 -0.297672033 0.097550347 0.949671209 -0.082793511
0.948548496 -0.068613388 0.309108317 0.015063391 0.095680878 0.992712677 -0.073257715 0.013341458 -0.301829278 0.099064246 0.948201180 -0.083242349
0.944423914 -0.066562369 0.321920693 0.016989876 0.095662937 0.992552280 -0.075421430 0.016096760 -0.314502895 0.102025673 0.943757772 -0.083033219
0.941136658 -0.068252869 0.331063837 0.020176489 0.098512411 0.992269278 -0.075479195 0.015954178 -0.323352754 0.103650130 0.940584779 -0.083128780
0.936569929 -0.071880765 0.343030393 0.022193361 0.103413343 0.991843700 -0.074510418 0.014973529 -0.334876627 0.105258137 0.936364472 -0.083682507
0.934496939 -0.073209107 0.348361820 0.024335289 0.105619505 0.991578341 -0.074946612 0.012759424 -0.339941263 0.106831178 0.934359193 -0.084149666
0.927760124 -0.071376748 0.366287440 0.025685888 0.108203419 0.990824342 -0.080988303 0.014313278 -0.357145846 0.114771269 0.926970601 -0.085090056
0.920668602 -0.072129525 0.383622795 0.030319842 0.111227579 0.990512908 -0.080700427 0.013241218 -0.374162525 0.116967797 0.919956982 -0.085960723
0.910582960 -0.078023896 0.405895025 0.035266500 0.120862603 0.989362240 -0.080960691 0.011502787 -0.395260364 0.122778960 0.910326660 -0.087010600
0.904033005 -0.077551156 0.420369089 0.037681587 0.122792944 0.989071429 -0.081607454 0.009762392 -0.409446269 0.125394180 0.903675914 -0.087491035
0.893504441 -0.079839580 0.441899925 0.040328201 0.128714055 0.988311112 -0.081693202 0.009800185 -0.430212259 0.129871964 0.893336833 -0.087634385
0.885437906 -0.084164023 0.457073361 0.045446012 0.135494694 0.987490535 -0.080645613 0.008887005 -0.444568127 0.133337691 0.885765374 -0.088139988
0.879416704 -0.084828600 0.468434036 0.050055794 0.139990672 0.986570179 -0.084154345 0.009700879 -0.455004364 0.139583111 0.879481494 -0.087969199
0.869437456 -0.084106550 0.486831278 0.053090051 0.144382864 0.985639215 -0.087572716 0.011329412 -0.472474545 0.146429077 0.869095087 -0.088193886
0.861228585 -0.086860970 0.500740051 0.056818452 0.149189323 0.985086679 -0.085714169 0.009910886 -0.485827088 0.148524553 0.861343443 -0.088553347
0.846256077 -0.090586796 0.525018871 0.056885999 0.157893762 0.983812094 -0.084755376 0.009827905 -0.508842111 0.154621959 0.846859932 -0.087124318
0.840574205 -0.089882560 0.534187496 0.063352495 0.159074441 0.983617246 -0.084808804 0.009438784 -0.517813206 0.156263664 0.841101170 -0.088769168
0.824319899 -0.088838406 0.559110522 0.068374492 0.165138185 0.982392490 -0.087375388 0.011559974 -0.541503608 0.164355755 0.824476182 -0.088985443
0.809980571 -0.089958392 0.579516172 0.072849095 0.171197891 0.981393278 -0.086938687 0.010840021 -0.560912490 0.169630587 0.810310185 -0.089767434
0.792143166 -0.090196870 0.603633761 0.078229241 0.175974980 0.980771542 -0.084380418 0.009494886 -0.584415972 0.173065841 0.792783797 -0.090165295
0.778523445 -0.094124973 0.620517313 0.082224585 0.179121271 0.980891585 -0.075942643 0.005403649 -0.601512015 0.170270979 0.780506849 -0.090492412
0.761457920 -0.091181852 0.641769230 0.088249922 0.181437105 0.980463624 -0.075971596 0.008086998 -0.622304142 0.174289927 0.763125479 -0.090932608
0.745479345 -0.090987638 0.660289228 0.092564024 0.184556887 0.980083704 -0.073313080 0.007717456 -0.640468061 0.176514328 0.747424424 -0.091046147
0.718770802 -0.091041908 0.689260423 0.096986726 0.191318780 0.979014695 -0.070195511 0.007013405 -0.668405294 0.182322934 0.721105218 -0.089624248
0.701368272 -0.092214003 0.706809103 0.101870954 0.196991414 0.978052974 -0.067873143 0.006285443 -0.685037911 0.186839387 0.704140604 -0.090717413
0.681415319 -0.095475994 0.725642860 0.108109988 0.204424664 0.976824403 -0.063440055 0.004555309 -0.702768564 0.191568330 0.685140729 -0.091851220
0.664248526 -0.092474215 0.741769850 0.110209413 0.206282973 0.976462662 -0.062991947 0.006417461 -0.718485415 0.194856793 0.667689681 -0.091337219
0.645891309 -0.097209476 0.757215202 0.115665644 0.208470836 0.976621389 -0.052445635 0.003638937 -0.734414279 0.191731453 0.651056528 -0.092363700
0.622656703 -0.102210633 0.775791049 0.123933524 0.212531567 0.976252973 -0.041958135 0.001423744 -0.753079712 0.191005573 0.629593313 -0.097933352
0.608706057 -0.102340244 0.786767781 0.129994646 0.215105280 0.975791931 -0.039494604 0.001370885 -0.763679743 0.193278521 0.615984261 -0.102543123
0.582808375 -0.102919877 0.806065798 0.135516241 0.218794942 0.975189388 -0.033681054 0.000116251 -0.782600343 0.195992723 0.590866864 -0.106047980
0.556563437 -0.099851914 0.824782908 0.134810939 0.222640231 0.974366128 -0.032276448 0.001484397 -0.800417781 0.201593727 0.564527631 -0.101889223
0.534426928 -0.100262918 0.839246809 0.140529752 0.226320371 0.973656178 -0.027798837 -0.000485442 -0.814350605 0.204795107 0.543039620 -0.105104886
0.503589392 -0.099092774 0.858241439 0.143474638 0.230330378 0.972844660 -0.022825789 -0.001927950 -0.832673728 0.209173888 0.512738347 -0.104525462
0.481148660 -0.101090759 0.870790720 0.145758018 0.235170558 0.971803248 -0.017124295 -0.004514853 -0.844506204 0.213023737 0.491355389 -0.106303394
0.457188487 -0.103077032 0.883376360 0.151366964 0.241059676 0.970441878 -0.011523343 -0.005402549 -0.856077671 0.218214780 0.468522578 -0.111308783
0.430429280 -0.102716476 0.896760762 0.152699843 0.242978483 0.970015943 -0.005518134 -0.007144919 -0.869305491 0.220268756 0.442481190 -0.108735666
0.411319554 -0.101834863 0.905784667 0.157180563 0.248728529 0.968564749 -0.004055338 -0.005602126 -0.876898110 0.226962537 0.423718899 -0.112679921
0.397444785 -0.101340525 0.912012994 0.161964729 0.253359675 0.967367887 -0.002919837 -0.004305703 -0.881956100 0.232227802 0.410150856 -0.115732908
0.372932106 -0.100497656 0.922400057 0.165547848 0.256236821 0.966612518 0.001716573 -0.006019159 -0.891776025 0.235712677 0.386231989 -0.117880829
0.354402870 -0.097298831 0.930016935 0.167978093 0.259179413 0.965826571 0.002279396 -0.004941195 -0.898456812 0.240233421 0.367509514 -0.119485714
0.336200237 -0.093694583 0.937118292 0.169944629 0.261238009 0.965270400 0.002787618 -0.003608142 -0.904833794 0.243873700 0.349000752 -0.119309224
0.312415868 -0.095617712 0.945120931 0.173090324 0.261927903 0.965024173 0.011049341 -0.005105512 -0.913121104 0.244101569 0.326533824 -0.121800825
0.294193804 -0.094839819 0.951028645 0.175037950 0.263038844 0.964671254 0.014831145 -0.004349641 -0.918836594 0.245794222 0.308746845 -0.122218929
0.267204404 -0.094126254 0.959031820 0.177397445 0.264068663 0.964273751 0.021066183 -0.003450337 -0.926752090 0.247621313 0.282514036 -0.120464690
0.253740460 -0.094500817 0.962645054 0.180155501 0.263716996 0.964272141 0.025148237 -0.003649328 -0.930628359 0.247484729 0.269596368 -0.124478213
0.230249211 -0.089768745 0.968982399 0.181757584 0.262572050 0.964535475 0.026964486 -0.002000994 -0.937038541 0.248219177 0.245654285 -0.124576956
0.212347612 -0.088902391 0.973141789 0.182581708 0.262373835 0.964472830 0.030858258 0.000720467 -0.941312134 0.248774245 0.228129148 -0.128899902
0.199522883 -0.087741598 0.975956976 0.185295463 0.264740348 0.963771045 0.032523021 0.003536049 -0.943452775 0.251886100 0.215523139 -0.132570788
0.180350617 -0.084844001 0.979936302 0.188991770 0.266588420 0.963198900 0.034331065 0.007252723 -0.946786284 0.255048096 0.196331933 -0.133007422
0.163091227 -0.087680779 0.982707083 0.191629469 0.265711933 0.963144183 0.041837435 0.004599392 -0.950157046 0.254293740 0.180378199 -0.131298095
0.145628735 -0.088306285 0.985390484 0.194765449 0.263558537 0.963478446 0.047391891 0.005399443 -0.953587472 0.252806425 0.163584054 -0.133241311
0.129032418 -0.089068927 0.987632155 0.197042137 0.263753265 0.963165581 0.052403525 0.005319525 -0.955920935 0.253729522 0.147771835 -0.134708479
0.111876473 -0.091362722 0.989513218 0.199357495 0.267487377 0.961780250 0.058559421 0.006060467 -0.957044482 0.258130908 0.132038966 -0.136056826
0.100476146 -0.091304958 0.990741134 0.201813534 0.271305591 0.960557699 0.061008815 0.006281069 -0.957234442 0.262663722 0.121284693 -0.135907277
0.085904106 -0.091815688 0.992063642 0.203040361 0.272018284 0.960073829 0.065300599 0.005134499 -0.958450139 0.264249891 0.107449822 -0.134287059
0.074235812 -0.090344638 0.993139923 0.205495477 0.273205429 0.959628284 0.066874415 0.005159957 -0.959086955 0.266366780 0.095921442 -0.141484350
0.057296861 -0.086243220 0.994625151 0.207563534 0.274281144 0.959286094 0.067378618 0.006222105 -0.959941089 0.268946350 0.078618988 -0.142578721
0.030032456 -0.083708003 0.996037662 0.210146338 0.274279684 0.958926737 0.072319105 0.003180517 -0.961180925 0.271021008 0.051758334 -0.140441701
0.019187080 -0.081383348 0.996498168 0.212733090 0.277201116 0.958041847 0.072905287 0.004744021 -0.960620224 0.274831563 0.040941581 -0.148998797
0.002904704 -0.079279199 0.996848166 0.213915944 0.274459511 0.958634794 0.075440355 0.004497485 -0.961594284 0.273375332 0.024543485 -0.150100172
-0.020732319 -0.076241650 0.996873736 0.216217697 0.276526868 0.957753479 0.079000719 0.002912805 -0.960782528 0.277300239 0.001226411 -0.152155146
-0.039529577 -0.073725611 0.996494830 0.217605829 0.277133584 0.957341135 0.081822336 0.003773066 -0.960017920 0.279396623 -0.017411448 -0.153220728
-0.063407443 -0.072051756 0.995383382 0.221053019 0.274411738 0.957686424 0.086803481 0.003396468 -0.959519565 0.278648853 -0.040952604 -0.154755309
-0.083668627 -0.068186849 0.994157910 0.222575516 0.273910433 0.957652807 0.088735446 0.003498330 -0.958108962 0.279734552 -0.061448410 -0.156592190
-0.111747093 -0.062665984 0.991758883 0.223367840 0.273302108 0.957585573 0.091301173 0.005456325 -0.955415368 0.281252414 -0.089880653 -0.156423882
-0.127978489 -0.063408270 0.989747882 0.225186154 0.272152513 0.957400441 0.096526384 0.006179605 -0.953705609 0.281715691 -0.105269939 -0.154895887
-0.153470322 -0.061917424 0.986211419 0.229309469 0.264766127 0.958965659 0.101408705 0.005263345 -0.952021956 0.276678681 -0.130779132 -0.154214203
-0.174086943 -0.060397726 0.982876301 0.232450306 0.260023713 0.959872007 0.105039485 0.003595300 -0.949779689 0.273857147 -0.151396349 -0.154528841
-0.197581053 -0.053615753 0.978819191 0.233322918 0.261938483 0.959309459 0.105421074 0.005102226 -0.944642782 0.277219623 -0.175497353 -0.155779004
-0.214068532 -0.050561618 0.975509167 0.234093443 0.260957330 0.959402859 0.106992051 0.006833666 -0.941316009 0.277469963 -0.192183569 -0.155548304
-0.235586017 -0.048325460 0.970651209 0.236741722 0.258650005 0.959623873 0.110553198 0.007372249 -0.936802745 0.277103782 -0.213574603 -0.155753821
-0.250212997 -0.049910627 0.966903508 0.238418117 0.252545893 0.960733116 0.114945352 0.005338336 -0.934673190 0.272948295 -0.227783203 -0.158826753
-0.272908270 -0.048191678 0.960832238 0.239268139 0.249155447 0.961127639 0.118974924 0.004784631 -0.929216146 0.271865785 -0.250292510 -0.160749570
-0.290737838 -0.042786743 0.955845654 0.240628034 0.249406919 0.961073995 0.118882433 0.005835562 -0.923724890 0.272958159 -0.268749237 -0.161613107
-0.313436538 -0.036879919 0.948892713 0.242172107 0.251042724 0.960477293 0.120254144 0.005500142 -0.915824831 0.275904745 -0.291790217 -0.162505239
-0.330658734 -0.035066184 0.943098664 0.243007958 0.248897269 0.960689664 0.122985840 0.005220770 -0.910337865 0.275401056 -0.308932543 -0.162769705
-0.353086680 -0.029747158 0.935117602 0.243437469 0.249736771 0.960232139 0.124843031 0.006093032 -0.901643693 0.277613699 -0.331616223 -0.164978519
-0.370403171 -0.027790137 0.928455234 0.244680077 0.247666687 0.960412145 0.127552196 0.007377285 -0.895244479 0.277193189 -0.348857015 -0.166605294
-0.394123703 -0.028861761 0.918604136 0.247690544 0.244129986 0.960311592 0.134915233 0.008454612 -0.886040092 0.277432114 -0.371435523 -0.169377178
-0.411753535 -0.027356198 0.910884619 0.248737708 0.243032262 0.960051894 0.138692394 0.009286227 -0.878290534 0.278481454 -0.388656318 -0.172155187
-0.433440983 -0.022847416 0.900892258 0.249780536 0.245580241 0.958849490 0.142471835 0.011147835 -0.867075086 0.282994509 -0.409993738 -0.176523879
-0.449202418 -0.022034215 0.893158257 0.252061039 0.248377934 0.957207561 0.148532823 0.012002691 -0.858210683 0.288562149 -0.424507171 -0.179823086
-0.471896946 -0.021774227 0.881384790 0.254656285 0.248987779 0.955709875 0.156919464 0.012406929 -0.845764995 0.293503881 -0.445575029 -0.184935302
-0.486332059 -0.018366246 0.873580992 0.254849136 0.250457615 0.954896927 0.159508333 0.013935943 -0.837109327 0.296369046 -0.459797084 -0.188522995
-0.503712893 -0.017023256 0.863703310 0.256839186 0.248621583 0.954648018 0.163812146 0.015290909 -0.827321410 0.297249615 -0.476636171 -0.192751303
-0.516073644 -0.015051888 0.856411934 0.259976536 0.247051656 0.954737842 0.165653273 0.015590066 -0.820142388 0.297067314 -0.488996476 -0.194048285
-0.522764683 -0.014271233 0.852357507 0.263362139 0.243564889 0.955680072 0.165383473 0.016340166 -0.816941321 0.294061005 -0.496119827 -0.195593178
-0.525953293 -0.011433217 0.850436568 0.260450244 0.245345891 0.955363512 0.164578244 0.018537989 -0.814357758 0.295211554 -0.499671519 -0.198116273
-0.533324420 -0.013155685 0.845808506 0.266364515 0.242811084 0.955421686 0.167965084 0.020144798 -0.810313463 0.294951588 -0.506355345 -0.196702376
-0.532169759 -0.012863622 0.846539915 0.265064418 0.240604296 0.956360042 0.165786102 0.020775286 -0.811729610 0.291907489 -0.505850852 -0.198696285
-0.539322257 -0.012812329 0.842001915 0.264460444 0.240472704 0.955905735 0.168574005 0.021237005 -0.807034314 0.293394208 -0.512460172 -0.199651375
-0.545645475 -0.011057468 0.837943077 0.265270978 0.240184397 0.955900192 0.169015452 0.022222232 -0.802858889 0.293483406 -0.518926799 -0.200583771
-0.553484082 -0.007463820 0.832826316 0.263499916 0.240681753 0.955862582 0.168520004 0.021885235 -0.797325313 0.293719262 -0.527258337 -0.202193305
-0.561231852 -0.003987348 0.827648997 0.263115704 0.242459491 0.955325782 0.169015139 0.021617629 -0.791348338 0.295528054 -0.535192490 -0.203258306
-0.575604498 0.002002514 0.817725778 0.262967408 0.243229166 0.955155313 0.168872148 0.018599501 -0.780716956 0.296098351 -0.550278783 -0.207328781
-0.586339474 0.010891722 0.809992194 0.261930496 0.245056719 0.955443442 0.164544806 0.019290535 -0.772109509 0.294973224 -0.562883317 -0.209607288
-0.599322915 0.020957803 0.800232887 0.259106249 0.249627903 0.954702914 0.161951914 0.019920938 -0.760590494 0.296822041 -0.577406943 -0.212454408
-0.612576246 0.020676050 0.790141046 0.258915693 0.247320607 0.954474688 0.166765109 0.019770328 -0.750721574 0.297574520 -0.589802086 -0.214770541
-0.627841711 0.022781244 0.778007627 0.254606366 0.245577529 0.954312384 0.170234099 0.016705884 -0.738583982 0.297941297 -0.604751647 -0.218815073
-0.641285539 0.027780978 0.766799152 0.253720313 0.243621066 0.955007374 0.169144198 0.018852994 -0.727599859 0.295278192 -0.619200408 -0.220669925
-0.664396465 0.029918548 0.746781230 0.256410003 0.238605976 0.955399871 0.174006507 0.020807158 -0.708268642 0.293795824 -0.641903043 -0.220922783
-0.680104911 0.032065827 0.732413113 0.256601006 0.236847490 0.955079794 0.178117678 0.015486550 -0.693801403 0.294608951 -0.657149196 -0.225493938
-0.693643630 0.037058476 0.719364405 0.254785478 0.232392430 0.956786752 0.174793854 0.019468773 -0.681800723 0.288419515 -0.672281146 -0.227980912
-0.709243178 0.039094236 0.703879118 0.252829522 0.227086887 0.957909822 0.175614089 0.023487328 -0.667387128 0.284394830 -0.688268781 -0.231720909
-0.727278471 0.030255252 0.685675323 0.253495872 0.216486916 0.958141744 0.187344432 0.021444298 -0.651305974 0.284691304 -0.703385651 -0.235271677
-0.747356772 0.034674082 0.663517535 0.256404966 0.216164216 0.956997037 0.193467140 0.019875120 -0.628275990 0.288017750 -0.722713590 -0.238913044
-0.760368764 0.040717673 0.648213923 0.257948577 0.210710078 0.959516346 0.186895266 0.021697564 -0.614361882 0.278694570 -0.738165796 -0.239886612
-0.779753208 0.053735409 0.623776734 0.253647178 0.209164545 0.961424172 0.178644374 0.020890249 -0.590114474 0.269770503 -0.760913014 -0.243213892
-0.793823779 0.056437492 0.605523348 0.252660066 0.207348332 0.961141706 0.182245016 0.020639284 -0.571708322 0.270224631 -0.774679363 -0.245706424
-0.804278553 0.054638617 0.591735184 0.254681677 0.203972340 0.960651040 0.188533530 0.017367829 -0.558149874 0.272331119 -0.783775747 -0.249741167
-0.818785131 0.057360061 0.571227372 0.252404511 0.200852931 0.960736454 0.191425502 0.021940438 -0.537818849 0.271469027 -0.798157513 -0.252882183
-0.829936206 0.060256008 0.554594457 0.250576824 0.198649853 0.960904956 0.192873195 0.028707849 -0.521290898 0.270242602 -0.809459567 -0.254210114
-0.840194464 0.054067556 0.539583206 0.251753747 0.196594611 0.957697570 0.210157201 0.022744982 -0.505394876 0.282652080 -0.815281391 -0.262670279
-0.849959314 0.059511743 0.523476243 0.252347022 0.200867236 0.955155134 0.217557207 0.024477115 -0.487053841 0.290063977 -0.823796928 -0.266728878
-0.856727898 0.063733891 0.511815667 0.253713965 0.198997080 0.956346869 0.214011878 0.026179474 -0.475833565 0.285199761 -0.832011700 -0.267450422
-0.857550323 0.068288133 0.509847105 0.253967583 0.206229508 0.953648865 0.219142705 0.026205365 -0.471250296 0.293071419 -0.831884801 -0.270677149
-0.857529104 0.071446650 0.509449720 0.254558355 0.209199473 0.953158200 0.218460590 0.027651086 -0.469978034 0.293912947 -0.832307518 -0.269751340
-0.853988349 0.073159151 0.515123010 0.257653683 0.214663506 0.951413333 0.220754147 0.030377135 -0.473944753 0.299099594 -0.828200340 -0.266871393
-0.848889589 0.067960538 0.524182975 0.259608865 0.214432225 0.950705647 0.224003494 0.031753141 -0.483120412 0.302555948 -0.821617007 -0.265787363
-0.845616698 0.070386507 0.529129684 0.258467197 0.219628051 0.949352503 0.224707708 0.032460030 -0.486514270 0.306228310 -0.818246961 -0.265412003
-0.844894469 0.067467578 0.530661225 0.256857306 0.221203730 0.947290540 0.231753230 0.024882054 -0.487054527 0.313191265 -0.815284669 -0.270235389
-0.845513701 0.073580801 0.528859377 0.259071946 0.226058438 0.946643591 0.229703337 0.029564304 -0.483739644 0.313770503 -0.817033708 -0.266318440
-0.845915735 0.078077935 0.527570307 0.254289031 0.224140555 0.949667454 0.218844667 0.020407597 -0.483929425 0.303374022 -0.820838928 -0.269156784
-0.849216044 0.091001436 0.520144939 0.254647195 0.227867275 0.951756477 0.205514550 0.024919244 -0.476349264 0.293050289 -0.828983009 -0.266759872
-0.850391030 0.089771703 0.518436253 0.254936516 0.227149814 0.951421499 0.207847029 0.028401058 -0.474592626 0.294513971 -0.829471767 -0.268227607
-0.852343380 0.088509314 0.515438497 0.256387830 0.225698024 0.951324642 0.209862322 0.026640082 -0.471774548 0.295208216 -0.830831468 -0.269941896
-0.851913035 0.085292846 0.516690671 0.254643470 0.225601554 0.950172603 0.215119004 0.021573989 -0.472597212 0.299828917 -0.828706443 -0.273700029
-0.855119944 0.089822896 0.510589540 0.255226642 0.227320403 0.950113297 0.213565409 0.026868757 -0.465934962 0.298691452 -0.832879305 -0.273554444
-0.854687452 0.088810243 0.511490047 0.257199854 0.226128876 0.950567484 0.212808371 0.026949607 -0.467306316 0.297547340 -0.832520545 -0.272736520
