1.000000000 0.000000000 0.000000000 0.000000000 0.000000000 1.000000000 0.000000000 0.000000000 0.000000000 0.000000000 1.000000000 0.000000000
0.999982238 0.002541425 0.005393096 -0.003635679 -0.002512774 0.999982715 -0.005312729 0.005373060 -0.005406504 0.005299083 0.999971330 0.001539819
0.999985993 0.005236256 0.000737426 -0.005446777 -0.005234010 0.999981761 -0.003015604 0.006132530 -0.000753203 0.003011702 0.999995172 0.001584296
0.999991655 0.001897186 -0.003615425 -0.006454925 -0.001905825 0.999995351 -0.002387608 0.003338332 0.003610879 0.002394478 0.999990642 0.001412930
0.999915838 0.006019336 -0.011492649 -0.009805943 -0.006101951 0.999955714 -0.007167035 0.002020969 0.011448999 0.007236560 0.999908268 0.002713341
0.999882460 0.002542161 -0.015121352 -0.009247070 -0.002669467 0.999961138 -0.008404741 0.001209166 0.015099398 0.008444118 0.999850333 0.001139526
0.999860883 0.004523101 -0.016056415 -0.009283053 -0.004678201 0.999942660 -0.009635315 0.000436550 0.016011912 0.009709090 0.999824643 0.000521940
0.999919951 0.003787165 -0.012072114 -0.006235609 -0.003865048 0.999971807 -0.006434696 0.002288205 0.012047404 0.006480841 0.999906421 0.000630763
0.999985099 0.003916720 -0.003804147 -0.004301278 -0.003921311 0.999991596 -0.001200063 0.001050810 0.003799415 0.001214962 0.999992073 0.003145349
0.999974251 0.006961028 0.001745585 -0.007007285 -0.006954431 0.999968767 -0.003757315 0.001243836 -0.001771685 0.003745079 0.999991417 0.005387313
0.999983847 0.005497193 -0.001462286 -0.008337550 -0.005507378 0.999959946 -0.007055078 0.001629206 0.001423444 0.007063018 0.999974072 0.004454915
0.999962091 0.007917687 -0.003626146 -0.008686924 -0.007935221 0.999956787 -0.004846752 0.002674823 0.003587614 0.004875342 0.999981701 0.003080225
0.999973953 0.005830935 -0.004257406 -0.010272836 -0.005862507 0.999955118 -0.007441398 0.004963810 0.004213824 0.007466163 0.999963224 0.004232475
0.999944270 0.006913588 -0.007976054 -0.010499414 -0.006973643 0.999947369 -0.007526247 0.005334170 0.007923601 0.007581450 0.999939859 0.003231131
0.999883175 0.006634241 -0.013771318 -0.009008951 -0.006728841 0.999953985 -0.006834410 0.007177565 0.013725343 0.006926277 0.999881804 0.000560541
0.999714732 0.003221068 -0.023667226 -0.008269219 -0.003274737 0.999992132 -0.002229248 0.006552092 0.023659861 0.002306116 0.999717414 -0.000556867
0.998967707 0.001288138 -0.045407385 -0.009535327 -0.001419584 0.999994874 -0.002862694 0.007282069 0.045403466 0.002924198 0.998964429 -0.002993239
0.997646272 -0.005514058 -0.068347670 -0.011134660 0.005262385 0.999978721 -0.003861746 0.003588652 0.068367496 0.003492984 0.997654080 -0.009526409
0.995585859 -0.008891284 -0.093432799 -0.011134421 0.008362393 0.999946713 -0.006050665 0.003283129 0.093481615 0.005242635 0.995607197 -0.013611345
0.992657900 -0.013081334 -0.120245472 -0.009891607 0.012740163 0.999912381 -0.003605632 0.003039351 0.120282091 0.002047213 0.992737651 -0.017169647
0.990364969 -0.017466290 -0.137375817 -0.011220817 0.017618377 0.999844730 -0.000108871 0.003152382 0.137356386 -0.002312517 0.990519047 -0.021172995
0.986795962 -0.019697037 -0.160765663 -0.011717962 0.020712063 0.999774694 0.004640182 0.003675999 0.160638034 -0.007908702 0.986981690 -0.025025213
0.982032895 -0.021313507 -0.187502131 -0.013033114 0.022883218 0.999718845 0.006210903 0.000858255 0.187317044 -0.010389963 0.982244611 -0.029014930
0.977895737 -0.020219095 -0.208112836 -0.013532811 0.021335620 0.999767482 0.003121484 0.002774806 0.208001330 -0.007492704 0.978099883 -0.033472218
0.973795652 -0.019480191 -0.226588935 -0.019073986 0.019956397 0.999800861 -0.000189167 0.004107360 0.226547495 -0.004337688 0.973990440 -0.033323217
0.970156431 -0.017720457 -0.241831839 -0.019579113 0.017664079 0.999841154 -0.002401346 0.005567502 0.241835967 -0.001942056 0.970315158 -0.037030645
0.963548124 -0.019096194 -0.266852736 -0.018912347 0.020117816 0.999797106 0.001094852 0.005617995 0.266777635 -0.006423436 0.963736713 -0.041273478
0.959005415 -0.019147104 -0.282739967 -0.019230068 0.020126713 0.999797285 0.000560251 0.006048433 0.282671928 -0.006227911 0.959196389 -0.045951962
0.952463806 -0.021969128 -0.303858817 -0.018638412 0.023697998 0.999717176 0.002002806 0.006218215 0.303728849 -0.009108446 0.952714980 -0.050334260
0.945109069 -0.024864702 -0.325807691 -0.018858146 0.027308397 0.999622762 0.002928381 0.004432354 0.325611949 -0.011664924 0.945431471 -0.057217311
0.939125061 -0.026384898 -0.342560917 -0.019417990 0.029173521 0.999569893 0.002989351 0.004229468 0.342334688 -0.012801082 0.939490855 -0.061662599
0.930329859 -0.028762050 -0.365594089 -0.017497225 0.032437291 0.999466121 0.003913308 0.003098408 0.365286350 -0.015499548 0.930766106 -0.068656154
0.921458304 -0.031792380 -0.387174189 -0.016245337 0.035729360 0.999357104 0.002973269 0.001619543 0.386830747 -0.016573228 0.922001779 -0.074313357
0.914806426 -0.029910684 -0.402783483 -0.014105990 0.034884434 0.999378800 0.005016098 0.001656240 0.402383208 -0.018639630 0.915281534 -0.077811554
0.908397317 -0.031099616 -0.416949779 -0.015236276 0.035997819 0.999344289 0.003887994 0.000078717 0.416555524 -0.018541127 0.908921182 -0.081297271
0.903034925 -0.033613876 -0.428250074 -0.012570321 0.038541920 0.999252915 0.002839309 0.000766850 0.427834690 -0.019069577 0.903655767 -0.083894134
0.897088349 -0.032689381 -0.440640450 -0.013627542 0.038875394 0.999231398 0.005016352 -0.001210912 0.440137774 -0.021630183 0.897669613 -0.087717243
0.888008773 -0.035298120 -0.458469808 -0.015391038 0.040596232 0.999174118 0.001703134 0.000338767 0.458031088 -0.020124543 0.888708293 -0.092910506
0.881003559 -0.036247499 -0.471719176 -0.013748586 0.040703978 0.999170899 -0.000757023 0.003440773 0.471355557 -0.018533908 0.881748438 -0.095803328
0.868140459 -0.035676450 -0.495034724 -0.014056941 0.041392848 0.999142766 0.000583671 0.000896619 0.494589537 -0.020997604 0.868873000 -0.100599088
0.857917368 -0.037189428 -0.512440145 -0.011981988 0.042427603 0.999098420 -0.001476322 0.003011428 0.512033045 -0.020475041 0.858721614 -0.104517810
0.845546603 -0.034076992 -0.532813072 -0.009438550 0.042349424 0.999097407 0.003307311 0.000302548 0.532219470 -0.025360810 0.846226454 -0.110987246
0.836677611 -0.033013295 -0.546699822 -0.008722689 0.042903323 0.999064982 0.005329844 0.000814960 0.546012640 -0.027914600 0.837311745 -0.114776693
0.826001525 -0.037508726 -0.562418520 -0.007442008 0.047483265 0.998867035 0.003120469 0.000379264 0.561664343 -0.029282980 0.826846778 -0.116768144
0.819429815 -0.036542814 -0.572013557 -0.007736372 0.047008839 0.998888254 0.003528341 0.000539291 0.571248531 -0.029780915 0.820236623 -0.122530788
0.809420943 -0.036525000 -0.586091816 -0.004381737 0.048048895 0.998836458 0.004110761 -0.000926222 0.585259736 -0.031488404 0.810234189 -0.125751883
0.803930461 -0.036702953 -0.593589723 -0.002636584 0.049605791 0.998754084 0.005428632 -0.001515657 0.592650890 -0.033809725 0.804749548 -0.127909243
0.795998693 -0.036977429 -0.604167700 -0.001930163 0.051267128 0.998664260 0.006422956 -0.001050534 0.603123188 -0.036086611 0.796831310 -0.130059436
0.789658427 -0.037073214 -0.612425625 -0.001452705 0.052735597 0.998579979 0.007547921 -0.000461838 0.611276090 -0.038256910 0.790492177 -0.132515058
0.778645039 -0.037608333 -0.626336634 -0.000352159 0.054236047 0.998500168 0.007469947 -0.001482956 0.625116289 -0.039786458 0.779516935 -0.136051103
0.768562853 -0.038761653 -0.638599038 -0.001008226 0.055246647 0.998455286 0.005885919 -0.001081055 0.637384474 -0.039804153 0.769517183 -0.140355900
0.758828640 -0.040004212 -0.650060654 0.000334496 0.055743821 0.998438537 0.003627761 0.001159801 0.648900449 -0.038989712 0.759873688 -0.144666657
0.748733819 -0.040202510 -0.661650538 0.000353829 0.057597876 0.998329580 0.004519187 -0.002435693 0.660363674 -0.041493334 0.749798715 -0.147668138
0.740787804 -0.043660644 -0.670318723 0.003822168 0.058826838 0.998268187 -0.000010177 -0.000807998 0.669158220 -0.039425194 0.742073357 -0.150376931
0.733472586 -0.042961825 -0.678359985 0.006828121 0.059800643 0.998209298 0.001440592 -0.001910231 0.677083313 -0.041623000 0.734728336 -0.151394755
0.731102407 -0.043971974 -0.680849314 0.006981393 0.060703691 0.998155475 0.000719313 0.001168553 0.679561913 -0.041855957 0.732423186 -0.152497351
0.725907803 -0.046486426 -0.686219275 0.009148786 0.068248123 0.997657835 0.004611221 -0.000026472 0.684397578 -0.050180506 0.727380157 -0.150462106
0.722998857 -0.046951167 -0.689252019 0.008604719 0.069956847 0.997535169 0.005430921 -0.001263467 0.687298119 -0.052144442 0.724501371 -0.152245641
0.712288082 -0.045366112 -0.700419545 0.011121789 0.073145807 0.997273088 0.009791972 -0.002626224 0.698065460 -0.058207456 0.713664234 -0.153825164
0.705624938 -0.044598155 -0.707180679 0.006576032 0.073016100 0.997280955 0.009962224 0.000110656 0.704813540 -0.058665175 0.706962705 -0.158916220
0.690230608 -0.044502687 -0.722219706 0.006832237 0.074061073 0.997210026 0.009333298 -0.000733696 0.719789386 -0.059930496 0.691600800 -0.164140910
0.673902988 -0.045597736 -0.737411380 0.009159262 0.073881805 0.997249782 0.005854052 0.001954031 0.735116422 -0.058426350 0.675418556 -0.170715556
0.653733492 -0.045472521 -0.755357444 0.005325926 0.073597230 0.997281313 0.003659291 0.005791054 0.753137469 -0.057984419 0.655302763 -0.181349173
0.625283539 -0.044717014 -0.779115498 0.010808234 0.073952042 0.997259617 0.002113328 0.006028891 0.776885867 -0.058938611 0.626876891 -0.191159338
0.604744434 -0.044007778 -0.795202792 0.013641902 0.074027732 0.997255564 0.001107724 0.004597418 0.792971611 -0.059536956 0.606342614 -0.198544726
0.575738490 -0.044545755 -0.816419601 0.018334934 0.075433321 0.997150004 -0.001211308 0.004772700 0.814146817 -0.060887843 0.577457905 -0.207393318
0.553992093 -0.043609988 -0.831378937 0.022121448 0.075661637 0.997131705 -0.001887169 0.003847721 0.829076648 -0.061858021 0.555702686 -0.213287801
0.525600374 -0.041946825 -0.849696875 0.028443269 0.075231872 0.997162342 -0.002690247 0.003375093 0.847398579 -0.062510289 0.527264774 -0.220008478
0.503667533 -0.043586776 -0.862797320 0.031377569 0.079424985 0.996832848 -0.003992764 0.003871840 0.860238731 -0.066516638 0.505534232 -0.225288093
0.474650919 -0.042320564 -0.879156113 0.038096786 0.080275707 0.996761858 -0.004641487 0.003284777 0.876505792 -0.068371788 0.476511210 -0.232315406
0.451906204 -0.042298779 -0.891062140 0.043880928 0.082369670 0.996586502 -0.005533880 0.003050873 0.888254404 -0.070895694 0.453847706 -0.237500027
0.423090935 -0.040349569 -0.905188322 0.050288226 0.081373967 0.996663034 -0.006392433 0.000543326 0.902425826 -0.070954174 0.424962461 -0.243317142
0.404073030 -0.043336146 -0.913699687 0.055073351 0.085642606 0.996281743 -0.009378519 0.001275580 0.910708666 -0.074462004 0.406282008 -0.248161763
0.375302285 -0.044414129 -0.925837815 0.063638791 0.088312633 0.996020734 -0.011982081 0.001274450 0.922685742 -0.077266261 0.377731144 -0.252654552
0.356147915 -0.043397248 -0.933421314 0.068539299 0.088552482 0.995992839 -0.012519072 0.000997241 0.930224240 -0.078198142 0.358563662 -0.256305575
0.331300080 -0.043425571 -0.942525685 0.075242132 0.089703031 0.995865166 -0.014352287 0.000029102 0.939251602 -0.079792492 0.333825558 -0.260551363
0.313925147 -0.043357998 -0.948457241 0.078956328 0.089891203 0.995826662 -0.015770819 -0.000024084 0.945182800 -0.080307104 0.316512525 -0.263128936
0.293238461 -0.041482076 -0.955138981 0.084064454 0.089498334 0.995862126 -0.015773701 -0.000190314 0.951840937 -0.080857895 0.295737594 -0.267742038
0.280374020 -0.041009076 -0.959014416 0.086780004 0.091762275 0.995656371 -0.015748663 -0.001303596 0.955494642 -0.083585829 0.282919258 -0.268664211
0.257995576 -0.045270450 -0.965084910 0.091172233 0.097254969 0.995044708 -0.020676700 -0.000723204 0.961238623 -0.088524796 0.261119902 -0.270271569
0.241140515 -0.043803114 -0.969501197 0.093774520 0.101247497 0.994665086 -0.019757122 -0.001676957 0.965194404 -0.093395330 0.244289011 -0.273578197
0.209845915 -0.042858917 -0.976794720 0.100212291 0.106197387 0.994127393 -0.020804917 -0.000828595 0.971949995 -0.099367231 0.213165104 -0.277144700
0.183325693 -0.040071070 -0.982235253 0.105623111 0.105687231 0.994181216 -0.020832812 -0.000309137 0.977354586 -0.099990532 0.186493948 -0.282406300
0.155481830 -0.039578669 -0.987045527 0.109589145 0.109370850 0.993743658 -0.022618879 0.002019457 0.981765449 -0.104437195 0.158837855 -0.288384378
0.104232162 -0.034881253 -0.993941128 0.121270627 0.114897206 0.993115664 -0.022803288 0.001205029 0.987893879 -0.111824237 0.107522376 -0.288487941
0.072231732 -0.031507794 -0.996890128 0.127607659 0.118626371 0.992677748 -0.022779329 0.000838884 0.990308225 -0.116612084 0.075440511 -0.292440325
0.022364996 -0.031490333 -0.999253809 0.137972012 0.123457193 0.991940677 -0.028496685 0.001186064 0.992097855 -0.122727737 0.026072463 -0.293820560
-0.004303301 -0.027202237 -0.999620676 0.147930279 0.124427147 0.991846859 -0.027526340 -0.001297249 0.992219448 -0.124498412 -0.000883503 -0.300300270
-0.041989956 -0.022945043 -0.998854578 0.157240599 0.127448201 0.991446197 -0.028132543 -0.005074257 0.990956068 -0.128483504 -0.038706489 -0.302566081
-0.068046629 -0.022226512 -0.997434497 0.164373934 0.129775375 0.991060734 -0.030937966 -0.006051307 0.989205778 -0.131547675 -0.064553872 -0.302250504
-0.094579980 -0.013398685 -0.995427072 0.171649501 0.132350966 0.990864217 -0.025912514 -0.010972183 0.986680269 -0.134196550 -0.091942564 -0.303172678
-0.112953939 -0.012487283 -0.993521750 0.177317396 0.133893713 0.990609229 -0.027673112 -0.011204332 0.984537423 -0.136152104 -0.110221244 -0.304700583
-0.135063171 -0.007968221 -0.990804911 0.183046713 0.134484351 0.990566671 -0.026298754 -0.012169628 0.981667936 -0.136799738 -0.132717475 -0.305722594
-0.150363609 -0.007580926 -0.988601685 0.187257558 0.133960783 0.990591764 -0.027971251 -0.011731496 0.979512811 -0.136639699 -0.147933409 -0.306686819
-0.172601387 -0.005670118 -0.984975457 0.192566812 0.134638533 0.990461648 -0.029294975 -0.010910236 0.975746453 -0.137671992 -0.170191631 -0.304628581
-0.190773427 -0.004742119 -0.981622636 0.197409973 0.135016873 0.990357459 -0.031024169 -0.011377336 0.972304463 -0.138454199 -0.188293621 -0.306014925
-0.205251262 -0.000811155 -0.978708982 0.201250002 0.135127604 0.990399003 -0.029159309 -0.012748766 0.969336152 -0.138235584 -0.203171015 -0.305557400
-0.219071329 0.000274506 -0.975708783 0.206045970 0.133989707 0.990534425 -0.029805399 -0.011929406 0.966464937 -0.137264445 -0.217034474 -0.308625400
-0.229112968 0.008151894 -0.973365724 0.209488273 0.133347139 0.990800381 -0.023089632 -0.016458504 0.964222908 -0.135085657 -0.228092253 -0.308922678
-0.245704859 0.002922496 -0.969340265 0.212620854 0.135709956 0.990250409 -0.031413723 -0.011578733 0.959797919 -0.139267609 -0.243705958 -0.305360794
-0.258388430 0.005847745 -0.966023386 0.216598406 0.138917014 0.989813507 -0.031165266 -0.011557086 0.956000745 -0.142249852 -0.256568730 -0.304942757
-0.270894915 0.006668739 -0.962585866 0.219267935 0.139118791 0.989748955 -0.032294471 -0.012410256 0.952502966 -0.142662182 -0.269045770 -0.303489566
-0.278617591 0.007271075 -0.960374594 0.222523868 0.137578815 0.989960134 -0.032418400 -0.012723501 0.950496912 -0.141159520 -0.276820689 -0.306789964
-0.294094414 0.005106333 -0.955762744 0.225970179 0.140002280 0.989429593 -0.037793409 -0.010052503 0.945466995 -0.144923791 -0.291700631 -0.303769916
-0.315082699 0.001077121 -0.949063599 0.229351953 0.141527638 0.988871217 -0.045863923 -0.005291807 0.938452303 -0.148769662 -0.311728686 -0.301643103
-0.321451396 0.007630298 -0.946895361 0.233301163 0.140489921 0.989284873 -0.039721537 -0.009185544 0.936446309 -0.145797789 -0.319079012 -0.304343134
-0.338031799 0.008916541 -0.941092491 0.237493768 0.140262872 0.989264667 -0.041008182 -0.009987892 0.930623949 -0.145862371 -0.335653603 -0.304375589
-0.349764407 0.009591040 -0.936788559 0.241330445 0.142125756 0.988916814 -0.042940099 -0.010662915 0.925994217 -0.148160726 -0.347251028 -0.304029733
-0.367830455 0.009034813 -0.929848969 0.245519087 0.142040908 0.988764167 -0.046581406 -0.009098725 0.918980479 -0.149210647 -0.364980876 -0.303276658
-0.377799094 0.009577173 -0.925838113 0.248639688 0.141374603 0.988817811 -0.047460917 -0.008005868 0.915030658 -0.148820698 -0.374928474 -0.303448707
-0.380669177 0.018454453 -0.924527109 0.252328724 0.137864992 0.989759326 -0.037008632 -0.016250480 0.914376378 -0.141547978 -0.379315108 -0.306799382
-0.390845954 0.018461620 -0.920270920 0.256299794 0.140672609 0.989251852 -0.039899260 -0.015954249 0.909643173 -0.145051375 -0.389242142 -0.307656318
-0.418120176 0.012437413 -0.908306539 0.257704020 0.142319247 0.988454998 -0.051978853 -0.008973104 0.897173762 -0.151002914 -0.415063143 -0.297971934
-0.421927333 0.008838901 -0.906586528 0.260946184 0.141493872 0.988341630 -0.056215569 -0.005156632 0.895520389 -0.151995331 -0.418259054 -0.302252054
-0.435952604 0.003839631 -0.899961412 0.263112664 0.142323345 0.987701416 -0.064729251 -0.000211981 0.888644695 -0.156304419 -0.431137472 -0.299502850
-0.453919232 0.015449673 -0.890908897 0.266805708 0.143294692 0.988101602 -0.055873696 -0.006458539 0.879445255 -0.153024659 -0.450732172 -0.297829419
-0.458776504 0.011810872 -0.888473153 0.270269632 0.143233284 0.987817764 -0.060829170 -0.004725064 0.876931190 -0.155165955 -0.454879314 -0.301041424
-0.473531812 0.024600999 -0.880433083 0.274250507 0.145116389 0.988128066 -0.050439153 -0.011039798 0.868739784 -0.151649818 -0.471480101 -0.301085532
-0.493297964 0.017314084 -0.869688094 0.277254850 0.145853683 0.987293422 -0.063074626 -0.002973064 0.857545257 -0.157961801 -0.489555180 -0.297146648
-0.499187261 0.015846319 -0.866349220 0.283490688 0.144852266 0.987289250 -0.065404937 -0.000762010 0.854300857 -0.158141986 -0.495137542 -0.307889670
-0.515008986 0.016953202 -0.857017100 0.287106127 0.144568056 0.987200379 -0.067347124 -0.000539567 0.844905913 -0.158581674 -0.510867894 -0.306579232
-0.533784151 0.019317225 -0.845400035 0.291164219 0.143781722 0.987254739 -0.068224944 0.000412351 0.833307445 -0.157970488 -0.529758453 -0.304894954
-0.545224786 0.019756623 -0.838056982 0.294192106 0.141825572 0.987484574 -0.068989873 0.001621457 0.826205432 -0.156472906 -0.541203141 -0.304339528
-0.558208048 0.022574168 -0.829393864 0.298640728 0.141533002 0.987569273 -0.068376802 0.000931918 0.817540407 -0.155555099 -0.554464042 -0.304720640
-0.568257570 0.021272458 -0.822575688 0.301567942 0.141424388 0.987315118 -0.072167039 0.002941487 0.810606241 -0.157341778 -0.564057708 -0.303954482
-0.579087019 0.024354257 -0.814901829 0.301715940 0.138560489 0.987951636 -0.068938084 0.001654349 0.803404748 -0.152834356 -0.575484633 -0.300725162
-0.583770692 0.023599425 -0.811575472 0.304591298 0.134877980 0.988507271 -0.068274125 0.001811850 0.800637126 -0.149320111 -0.580244660 -0.300887614
-0.588959575 0.023616171 -0.807817340 0.306057811 0.136098087 0.988195360 -0.070336290 0.002099697 0.796620369 -0.151367635 -0.585221231 -0.301243067
-0.597684920 0.025200503 -0.801334858 0.308994532 0.137883976 0.987844229 -0.071776487 0.001669818 0.789785266 -0.153390959 -0.593894362 -0.299851477
-0.611170828 0.027223604 -0.791030347 0.311845213 0.139675915 0.987433195 -0.073934384 0.002907091 0.779076993 -0.155674458 -0.607292831 -0.298058093
-0.619504809 0.028479852 -0.784476101 0.315006554 0.142670140 0.986782908 -0.076842874 0.003435363 0.771919131 -0.159525856 -0.615379930 -0.296633124
-0.631387651 0.035169221 -0.774669409 0.316547155 0.144938126 0.986719310 -0.073334485 0.001004181 0.761802256 -0.158581629 -0.628099740 -0.292595297
-0.635810852 0.035059199 -0.771048248 0.319010198 0.146657318 0.986256659 -0.076089852 0.000642235 0.757783830 -0.161458641 -0.632214308 -0.293315500
-0.648622274 0.040296670 -0.760042906 0.320874602 0.149860099 0.985810757 -0.075624302 0.000481182 0.746211112 -0.162951723 -0.645457745 -0.289257824
-0.657126307 0.041101355 -0.752659082 0.325429440 0.149303108 0.985826313 -0.076518320 0.001501479 0.738846183 -0.162656561 -0.653948963 -0.290928185
-0.676736414 0.040698785 -0.735099554 0.329183817 0.147404477 0.985743701 -0.081125617 0.003594162 0.721318007 -0.163257629 -0.673087895 -0.288249969
-0.688516259 0.041210029 -0.724049091 0.334540635 0.146673486 0.985665083 -0.083375253 0.004388525 0.710233986 -0.163604036 -0.684690773 -0.287978947
-0.707542062 0.038890209 -0.705600262 0.340774029 0.141379744 0.986088097 -0.087419078 0.005830761 0.692384362 -0.161610261 -0.703197062 -0.286971360
-0.721467376 0.038868349 -0.691356719 0.345417470 0.137961283 0.986474872 -0.088509902 0.007368416 0.678565800 -0.159237459 -0.717071831 -0.284937978
-0.738602877 0.042692613 -0.672787547 0.352192432 0.138120890 0.986404955 -0.089038916 0.007660862 0.659839690 -0.158690408 -0.734458268 -0.282101989
-0.750768423 0.043898981 -0.659105241 0.357099414 0.137664393 0.986278713 -0.091119669 0.006554141 0.646061361 -0.159145072 -0.746510327 -0.280459613
-0.764943004 0.045983922 -0.642454386 0.364741594 0.136415794 0.986386955 -0.091823444 0.005554063 0.629486203 -0.157880619 -0.760802805 -0.279517084
-0.778173387 0.046297919 -0.626340747 0.368236691 0.133667454 0.986639678 -0.093139544 0.005474736 0.613660455 -0.156200096 -0.773965418 -0.275370449
-0.790174007 0.049308479 -0.610895872 0.374285489 0.133881912 0.986572802 -0.093540654 0.004664797 0.598080814 -0.155701295 -0.786165655 -0.272841036
-0.796551466 0.049998581 -0.602499604 0.380028427 0.133136392 0.986616373 -0.094142042 0.004721988 0.589729190 -0.155203611 -0.792547464 -0.273388028
-0.813840687 0.044152614 -0.579408109 0.382986397 0.126973167 0.986526012 -0.103171177 0.010560407 0.567045867 -0.157534197 -0.808481157 -0.268749595
-0.824099422 0.046370309 -0.564544201 0.385957181 0.126423165 0.986560762 -0.103513807 0.009847526 0.552157164 -0.156677112 -0.818886220 -0.266166329
-0.832311571 0.045536656 -0.552434504 0.389819592 0.125947148 0.986088753 -0.108472750 0.011891219 0.539810002 -0.159860685 -0.826468229 -0.263443053
-0.845837235 0.047841646 -0.531291604 0.393886000 0.123907082 0.986350060 -0.108446330 0.012244239 0.518851221 -0.157558739 -0.840219438 -0.259495050
-0.856026828 0.051195800 -0.514390111 0.398310751 0.123724557 0.986452758 -0.107718423 0.010664278 0.501906872 -0.155852541 -0.850764036 -0.256905854
-0.870606065 0.051704593 -0.489256263 0.402920604 0.121064536 0.986398160 -0.111185521 0.011660641 0.476852685 -0.156030387 -0.865023732 -0.250743359
-0.880024195 0.054097332 -0.471837938 0.404268861 0.120412722 0.986444354 -0.111483403 0.011417123 0.459410876 -0.154923394 -0.874608755 -0.246467814
-0.893491089 0.058900665 -0.445201606 0.406376660 0.121691160 0.986025751 -0.113774054 0.011040221 0.432278901 -0.155833215 -0.888172805 -0.238472238
-0.906413257 0.059221290 -0.418219894 0.401756108 0.120834261 0.985098660 -0.122392476 0.016517058 0.404739529 -0.161473453 -0.900062382 -0.231474832
-0.916063905 0.066765532 -0.395435661 0.402014434 0.122011155 0.985700428 -0.116224289 0.011025306 0.382021278 -0.154716432 -0.911110640 -0.226125583
-0.915771365 0.066626221 -0.396136016 0.416769117 0.122508004 0.985492349 -0.117458910 0.011472453 0.382563174 -0.156095356 -0.910647988 -0.228620172
-0.923904955 0.066841036 -0.376738667 0.419596136 0.121030644 0.985119104 -0.122032724 0.014193521 0.362975627 -0.158343554 -0.918246210 -0.226083770
-0.934531093 0.071860097 -0.348551095 0.414378852 0.120572180 0.985410810 -0.120116524 0.013408878 0.334834427 -0.154278204 -0.929561257 -0.216446579
-0.944086134 0.072537750 -0.321620375 0.415355802 0.118202463 0.985117078 -0.124790393 0.016666193 0.307781726 -0.155829206 -0.938609421 -0.213106990
-0.949446380 0.078828253 -0.303871363 0.419903725 0.119273037 0.985955834 -0.116898738 0.010407368 0.290388852 -0.147232756 -0.945514023 -0.208245441
-0.952449262 0.078545108 -0.294399709 0.436122805 0.117713153 0.986041307 -0.117755219 0.011006434 0.281041205 -0.146810576 -0.948399961 -0.209849402
-0.960823536 0.082245156 -0.264677078 0.431533188 0.117420435 0.985814393 -0.119926788 0.011780756 0.251059085 -0.146306992 -0.956850886 -0.201430961
-0.965523601 0.084839970 -0.246102676 0.436762094 0.116948217 0.985993505 -0.118912220 0.010512530 0.232567176 -0.143593833 -0.961921751 -0.197989658
-0.965369523 0.084404662 -0.246855557 0.449940771 0.116433963 0.986145675 -0.118152060 0.009693320 0.233462945 -0.142802775 -0.961822450 -0.201368108
-0.970339537 0.086409897 -0.225775838 0.450045854 0.115041673 0.986460149 -0.116883941 0.008888825 0.212618962 -0.139390737 -0.967141867 -0.195403650
-0.972130656 0.086896464 -0.217740938 0.453065276 0.114347354 0.986550510 -0.116803162 0.008698558 0.204662591 -0.138446033 -0.968992174 -0.194021612
-0.974313319 0.087956272 -0.207309589 0.455873698 0.114305303 0.986324191 -0.118739359 0.009636152 0.194030628 -0.139385939 -0.971042514 -0.192106396
-0.977369666 0.084922686 -0.193744183 0.455795705 0.109799094 0.986501157 -0.121490061 0.012114159 0.180811614 -0.140013620 -0.973500550 -0.188940808
-0.977678478 0.087699115 -0.190928563 0.457709342 0.111847095 0.986501932 -0.119600609 0.011043280 0.177862570 -0.138285741 -0.974290550 -0.188475862
-0.979137897 0.088780679 -0.182776317 0.457543820 0.111929357 0.986384630 -0.120488025 0.009794397 0.169590741 -0.138432428 -0.975743532 -0.188082814
-0.980118573 0.089599408 -0.177030340 0.458591491 0.111843780 0.986460447 -0.119944811 0.009797974 0.163886458 -0.137359872 -0.976869226 -0.184799477
-0.980841875 0.092652686 -0.171361700 0.457042754 0.113402069 0.986808300 -0.115539558 0.005158580 0.158396140 -0.132758811 -0.978409767 -0.184084326
-0.981304646 0.089846298 -0.170202300 0.458653629 0.111847557 0.985905588 -0.124419920 0.011869441 0.156624734 -0.141130567 -0.977522850 -0.184118584
-0.981571972 0.090800904 -0.168142498 0.458932191 0.111964040 0.986320317 -0.120980591 0.009242343 0.154857263 -0.137577057 -0.978310645 -0.183538526
-0.981627047 0.089682378 -0.168420359 0.460845381 0.111291781 0.986073971 -0.123581082 0.010620802 0.154991865 -0.140054315 -0.977937818 -0.182025045
-0.982000828 0.086349852 -0.167982474 0.459898323 0.108562753 0.985829473 -0.127885401 0.013602602 0.154559150 -0.143820226 -0.977459610 -0.182729214
-0.982233584 0.085030049 -0.167293638 0.459466606 0.106708795 0.986379504 -0.125175655 0.012030834 0.154371276 -0.140803427 -0.977928340 -0.182416752
-0.981337786 0.090409085 -0.169712692 0.462335736 0.111251876 0.986809015 -0.117605567 0.003946800 0.156841427 -0.134291634 -0.978451133 -0.183240682
-0.981971920 0.088821314 -0.166859418 0.465299428 0.109770566 0.986585140 -0.120831296 0.006495905 0.153888613 -0.136969179 -0.978548825 -0.182374105
-0.982053101 0.084086299 -0.168823615 0.468874246 0.105108984 0.987229049 -0.119711652 0.006318789 0.156601489 -0.135308042 -0.978349447 -0.183698654
-0.982836246 0.077969618 -0.167193651 0.468815267 0.099160798 0.987516224 -0.122388400 0.008445988 0.155563831 -0.136866823 -0.978298187 -0.184001654
-0.983317435 0.073329225 -0.166462794 0.463697523 0.094547980 0.987849474 -0.123345375 0.012481398 0.155395404 -0.137026370 -0.978302658 -0.183813259
-0.982117295 0.075612441 -0.172419176 0.467351526 0.097862795 0.987390876 -0.124427631 0.011391198 0.160836890 -0.139075965 -0.977133214 -0.185895681
-0.981101036 0.071712367 -0.179716587 0.468529731 0.095177941 0.987511992 -0.125544131 0.012325400 0.168469220 -0.140276536 -0.975674391 -0.186479613
-0.980838358 0.073561855 -0.180402130 0.463692605 0.096960157 0.987469316 -0.124511629 0.012425255 0.168982238 -0.139617592 -0.975680232 -0.184310436
-0.979666114 0.074695699 -0.186212227 0.462581426 0.099352390 0.986939967 -0.126801521 0.012888838 0.174308777 -0.142723769 -0.974292755 -0.186678082
-0.979166865 0.074300051 -0.188975945 0.452084363 0.099768914 0.986607850 -0.129039615 0.015294207 0.176857546 -0.145205230 -0.973466396 -0.183948562
-0.975861788 0.071488701 -0.206356958 0.451017559 0.099728689 0.986504197 -0.129860103 0.016627220 0.194288447 -0.147305220 -0.969821155 -0.188103631
-0.970036983 0.072454222 -0.231902599 0.447533727 0.104544111 0.986090362 -0.129214779 0.013918580 0.219314739 -0.149587169 -0.964118659 -0.195911750
-0.969479859 0.071648672 -0.234468251 0.433919340 0.105645813 0.985087156 -0.135802150 0.020174678 0.221241742 -0.156428039 -0.962591469 -0.194094881
-0.962481856 0.068084605 -0.262665719 0.433172792 0.106235214 0.985286415 -0.133883625 0.020171318 0.249685496 -0.156764895 -0.955553174 -0.198473990
-0.961983263 0.068637632 -0.264343083 0.415793180 0.106575586 0.985510170 -0.131952956 0.019589456 0.251455843 -0.155109033 -0.955359161 -0.197636381
-0.954870701 0.062594742 -0.290351480 0.409975827 0.105992697 0.984991133 -0.136228248 0.024766361 0.277466416 -0.160855502 -0.947173655 -0.204286471
-0.949458539 0.061176214 -0.307873458 0.405760884 0.107049562 0.985130489 -0.134381726 0.024690384 0.295074522 -0.160547599 -0.941889286 -0.206150115
-0.941537738 0.059107464 -0.331682384 0.401284546 0.107340761 0.985814273 -0.129028216 0.021106891 0.319350630 -0.157087952 -0.934525847 -0.210560933
-0.932411790 0.054386977 -0.357282013 0.402944446 0.107670039 0.985522211 -0.130970046 0.023168478 0.344986349 -0.160586566 -0.924768329 -0.216511235
-0.922668874 0.048367102 -0.382547855 0.397783309 0.106762953 0.985360026 -0.132918954 0.024694989 0.370518357 -0.163482130 -0.914324760 -0.220545441
-0.912425578 0.043711912 -0.406901687 0.398868084 0.108629905 0.984480917 -0.137829751 0.029623585 0.394562095 -0.169961065 -0.903013825 -0.227607533
-0.899303317 0.044184543 -0.435087770 0.398130625 0.109726317 0.985855937 -0.126681685 0.022205446 0.423336446 -0.161665827 -0.891431749 -0.234160304
-0.884272218 0.039301168 -0.465315104 0.398184448 0.109831057 0.986002982 -0.125440791 0.021720273 0.453872055 -0.162029833 -0.876211464 -0.241503850
-0.870957434 0.036173910 -0.490025163 0.399224937 0.111474842 0.985828996 -0.125357941 0.021222347 0.478546321 -0.163806900 -0.862647474 -0.247978762
-0.855966508 0.032803155 -0.515989721 0.395410091 0.111473262 0.986222684 -0.122223683 0.019551780 0.504871368 -0.162138432 -0.847830176 -0.252879590
-0.842529535 0.027414652 -0.537952244 0.393873602 0.111204639 0.986041725 -0.123916581 0.020300878 0.527046204 -0.164226145 -0.833817780 -0.257790685
-0.821507633 0.023300961 -0.569721341 0.391465187 0.113051891 0.985985160 -0.122689061 0.019527834 0.558878064 -0.165198043 -0.812628448 -0.265208989
-0.810774505 0.021590648 -0.584960401 0.384182990 0.113371119 0.986189485 -0.120736286 0.018173475 0.574275017 -0.164207503 -0.802025020 -0.265868068
-0.793923557 0.023345565 -0.607569277 0.379721135 0.115536243 0.986848652 -0.113054447 0.014651723 0.596939504 -0.159952864 -0.786179543 -0.270178407
-0.777936339 0.021678213 -0.627969205 0.368912160 0.115736321 0.987248600 -0.109294698 0.012167633 0.617592335 -0.157703146 -0.770525396 -0.271244913
-0.763762832 0.017505940 -0.645259619 0.362352133 0.115931705 0.987097919 -0.110442743 0.014010631 0.635000944 -0.159158096 -0.755938113 -0.274510711
-0.738859355 0.015051755 -0.673691690 0.358400941 0.116215080 0.987616718 -0.105391279 0.011671199 0.663762808 -0.156162441 -0.731459022 -0.278559953
-0.726866186 0.014393134 -0.686628461 0.350404263 0.117246479 0.987703979 -0.103413045 0.011869360 0.676697135 -0.155672193 -0.719615996 -0.281322390
-0.703248084 0.011599855 -0.710850000 0.347280413 0.117577799 0.987995863 -0.100198023 0.010053699 0.701154530 -0.154044211 -0.696170032 -0.286300361
-0.686903775 0.009824287 -0.726682007 0.340937525 0.119765617 0.987767696 -0.099855691 0.010686513 0.716812074 -0.155622751 -0.679677963 -0.288986087
-0.674610555 0.008674816 -0.738122880 0.335559070 0.121204436 0.987661600 -0.099167787 0.009902684 0.728155255 -0.156363398 -0.667338252 -0.290091813
-0.660019398 0.006835587 -0.751217544 0.331623226 0.122163326 0.987625659 -0.098345913 0.008599481 0.741249323 -0.156681448 -0.652687013 -0.291784108
-0.645699620 0.007037150 -0.763559163 0.329504162 0.123518899 0.987750769 -0.095349737 0.007951114 0.753535092 -0.155881256 -0.638659477 -0.295427531
-0.640867412 0.006994493 -0.767619848 0.325558037 0.124469608 0.987673104 -0.094917096 0.007736023 0.757493496 -0.156374618 -0.633837998 -0.294217139
-0.630359948 0.008270953 -0.776259065 0.323257715 0.125177220 0.987940967 -0.091123573 0.006998462 0.766144335 -0.154610589 -0.623793602 -0.295757562
-0.618193090 0.008970692 -0.785975039 0.321867645 0.127941132 0.987748265 -0.089355931 0.007950023 0.775543988 -0.155797765 -0.611766875 -0.298614532
-0.604222894 0.009556852 -0.796758056 0.318547964 0.128771842 0.987955213 -0.085804164 0.005669930 0.786341190 -0.154444844 -0.598175764 -0.299695134
-0.594199955 0.011181479 -0.804239631 0.315758944 0.131543562 0.987791240 -0.083455481 0.004352324 0.793487728 -0.155381784 -0.588416338 -0.299724668
-0.580108702 0.012621486 -0.814441204 0.309425473 0.133281797 0.987874448 -0.079624504 0.002986447 0.803560734 -0.154741064 -0.574756801 -0.298274070
-0.565432489 0.014475750 -0.824667454 0.304847360 0.134291053 0.988119960 -0.074731618 0.000783682 0.813788652 -0.153001159 -0.560659051 -0.298079401
-0.547110975 0.013875436 -0.836945057 0.300584674 0.135128364 0.988212347 -0.071950160 -0.000736044 0.826081038 -0.152459756 -0.542536795 -0.298878372
-0.527047336 0.016684424 -0.849672079 0.293415695 0.139937788 0.987863421 -0.067404710 -0.002433684 0.838235378 -0.154426709 -0.522985578 -0.296780497
-0.509065390 0.016780786 -0.860564232 0.286857516 0.140913948 0.987945080 -0.064092740 -0.005207696 0.849114656 -0.153892919 -0.505293250 -0.296589464
-0.485497564 0.012955496 -0.874141991 0.278825134 0.141817346 0.987813711 -0.064125001 -0.004161724 0.862658620 -0.155101016 -0.481418490 -0.296567351
-0.466855437 0.008370436 -0.884293973 0.274254143 0.139159381 0.988192379 -0.064114109 -0.002204965 0.873315871 -0.152989835 -0.462507814 -0.300323784
-0.450050622 0.006611158 -0.892978489 0.266090423 0.136851609 0.988671124 -0.061651971 -0.001634473 0.882454574 -0.149952054 -0.445856839 -0.298519254
-0.439928651 0.007029739 -0.898005188 0.261023790 0.136529744 0.988868833 -0.059144255 -0.002070486 0.887593627 -0.148623660 -0.435991526 -0.296840996
-0.420949191 0.003617428 -0.907076955 0.255839080 0.135325655 0.989051521 -0.058856528 -0.000941870 0.896933019 -0.147526398 -0.416830003 -0.301875859
-0.415074587 0.002419236 -0.909784138 0.250288367 0.132112205 0.989557385 -0.057642732 -0.000305989 0.900144160 -0.144119635 -0.411059737 -0.296264380
-0.408764720 0.000272236 -0.912639737 0.246150166 0.130764946 0.989699304 -0.058273446 -0.000104267 0.903223038 -0.143161431 -0.404589742 -0.292445153
-0.394014269 -0.002127445 -0.919101834 0.242219448 0.130587727 0.989722729 -0.058273204 -0.000552245 0.909779966 -0.142983884 -0.389687061 -0.291382939
-0.383244902 -0.003799443 -0.923638940 0.239556715 0.129335880 0.989918530 -0.057737347 -0.001626235 0.914546609 -0.141587213 -0.378889859 -0.290630847
-0.368931472 -0.008201770 -0.929420352 0.235225141 0.130485818 0.989600778 -0.060528908 -0.000660330 0.920251667 -0.143607214 -0.364024669 -0.287736297
-0.349767417 -0.009946459 -0.936783731 0.232514784 0.130769640 0.989635766 -0.059333149 -0.002324314 0.927664757 -0.143255681 -0.344841719 -0.292206168
-0.338432789 -0.015168935 -0.940868258 0.228961244 0.131739959 0.989258945 -0.063336313 -0.001669145 0.931723058 -0.145385057 -0.332799286 -0.289472640
-0.325886965 -0.015783427 -0.945276916 0.225252748 0.131051198 0.989453733 -0.061701335 -0.001928158 0.936281621 -0.143987343 -0.320381671 -0.289288044
-0.312291235 -0.020448061 -0.949766278 0.219012111 0.132068306 0.989125490 -0.064720631 0.000503743 0.940761447 -0.145645738 -0.306194663 -0.285232157
-0.296228409 -0.022960050 -0.954841077 0.213639736 0.132232964 0.989097834 -0.064807527 0.000301867 0.945919216 -0.145459309 -0.289962769 -0.285345644
-0.271090120 -0.023796532 -0.962259710 0.208270505 0.128659204 0.989827991 -0.060724482 -0.002119598 0.953916609 -0.140265405 -0.265271008 -0.285219908
-0.222844154 -0.012537844 -0.974773467 0.211445555 0.118715160 0.992126346 -0.039900664 -0.017483996 0.967598677 -0.124612011 -0.219601154 -0.298141986
-0.193522707 -0.017932361 -0.980931878 0.204032227 0.122220017 0.991603792 -0.042239577 -0.015467017 0.973453283 -0.128063843 -0.189706147 -0.296931744
-0.169415131 -0.019325439 -0.985355258 0.198240399 0.123313405 0.991534889 -0.040648282 -0.015457508 0.977799714 -0.128393948 -0.165597931 -0.295312345
-0.140774429 -0.023218373 -0.989769459 0.190915108 0.124023661 0.991436183 -0.040897299 -0.015088984 0.982242703 -0.128512114 -0.136689231 -0.295638084
-0.121615149 -0.028943919 -0.992155254 0.186224550 0.126595452 0.990959108 -0.044426676 -0.012072966 0.984471142 -0.131005272 -0.116851456 -0.296223372
-0.101548083 -0.030308131 -0.994368792 0.182403326 0.122953959 0.991490006 -0.042776830 -0.014103211 0.987203300 -0.126605511 -0.096957408 -0.301084697
-0.093070284 -0.029472651 -0.995223224 0.179874822 0.121342346 0.991775215 -0.040718112 -0.015927048 0.988237858 -0.124552362 -0.088728525 -0.302012801
-0.084107682 -0.034834217 -0.995847642 0.178130940 0.122947589 0.991389573 -0.045062233 -0.013895508 0.988842607 -0.126227140 -0.079100698 -0.301581562
-0.081624836 -0.032041486 -0.996147931 0.177384198 0.122406356 0.991594195 -0.041925043 -0.013180314 0.989117861 -0.125356957 -0.077016629 -0.300361633
-0.073706567 -0.030911442 -0.996800840 0.174829945 0.121516630 0.991793454 -0.039741479 -0.013621278 0.989849031 -0.124057062 -0.069345430 -0.299632847
-0.062853798 -0.031955238 -0.997511029 0.172478229 0.121561818 0.991800249 -0.039431985 -0.015832091 0.990591824 -0.123737708 -0.058453880 -0.302689701
-0.055613097 -0.037742700 -0.997738838 0.172158509 0.118699066 0.991948664 -0.044139855 -0.014287828 0.991371632 -0.120885395 -0.050685313 -0.300821066
-0.048540551 -0.037145417 -0.998130262 0.171040043 0.114118323 0.992558181 -0.042487793 -0.014618388 0.992280662 -0.115967326 -0.043940347 -0.299290985
-0.038000602 -0.036303774 -0.998618007 0.168608725 0.113847643 0.992675662 -0.040420007 -0.015778404 0.992771208 -0.115226276 -0.033589169 -0.298199415
-0.020832552 -0.038356807 -0.999046922 0.164855585 0.114178717 0.992634654 -0.040491514 -0.016463781 0.993241787 -0.114913411 -0.016299579 -0.296064675
-0.015539848 -0.045451824 -0.998845696 0.163260475 0.117462300 0.991966009 -0.046966232 -0.012830848 0.992955804 -0.118056558 -0.010076122 -0.292701423
0.005714381 -0.039782643 -0.999191999 0.158574253 0.113597333 0.992765844 -0.038877126 -0.018908037 0.993510425 -0.113283366 0.010192252 -0.292123020
0.019031925 -0.046883769 -0.998719037 0.155475244 0.115871042 0.992272675 -0.044373073 -0.015354205 0.993081927 -0.114878118 0.024317324 -0.289375752
0.042696584 -0.046585944 -0.998001397 0.151131749 0.113673121 0.992652237 -0.041473076 -0.015378470 0.992600322 -0.111675158 0.047678433 -0.285512537
0.063821457 -0.046980090 -0.996854961 0.146354645 0.113052458 0.992801547 -0.039551131 -0.017244810 0.991537273 -0.110172674 0.068673246 -0.285096049
0.084554091 -0.049600359 -0.995183647 0.140942320 0.113891415 0.992695630 -0.039799768 -0.015990634 0.989888489 -0.109977633 0.089585520 -0.281681418
0.102678590 -0.051116064 -0.993400395 0.136199847 0.113343634 0.992775619 -0.039368633 -0.015328702 0.988235950 -0.108553290 0.107730471 -0.279451847
0.122242764 -0.052922450 -0.991088271 0.131397381 0.112247601 0.992907763 -0.039174769 -0.014749490 0.986132383 -0.106458455 0.127316222 -0.275176316
0.138927072 -0.050132014 -0.989032924 0.127455309 0.110700294 0.993244529 -0.034795690 -0.016044594 0.984095871 -0.104652174 0.143538177 -0.272675604
0.161087692 -0.051800206 -0.985579789 0.122594438 0.107346795 0.993616700 -0.034677356 -0.016235380 0.981084824 -0.100212745 0.165620014 -0.272995204
0.185691029 -0.049891818 -0.981340885 0.116699159 0.106656224 0.993832767 -0.030345241 -0.017664673 0.976802588 -0.099031247 0.189867124 -0.269497931
0.203936309 -0.050496452 -0.977681041 0.113185458 0.105358601 0.994000614 -0.029362412 -0.017706033 0.973298311 -0.097019024 0.208033085 -0.267188013
0.228186592 -0.050980259 -0.972281754 0.107439473 0.102630325 0.994324028 -0.028049514 -0.017198160 0.968193114 -0.093385078 0.232123539 -0.263787985
0.249830902 -0.050828796 -0.966954470 0.104027383 0.100565016 0.994582832 -0.026298240 -0.017945709 0.963053048 -0.090671673 0.253589123 -0.260617286
0.278529406 -0.053564165 -0.958932877 0.097468637 0.100448027 0.994592488 -0.026380146 -0.017931405 0.955160558 -0.088975273 0.282403648 -0.257695973
0.297854900 -0.055359330 -0.953004658 0.093784116 0.099825941 0.994649827 -0.026578577 -0.018320369 0.949377239 -0.087218024 0.301787645 -0.254568845
0.324892581 -0.055767987 -0.944105268 0.088655099 0.097801901 0.994888961 -0.025111448 -0.018454824 0.940680444 -0.084176764 0.328686297 -0.250654668
0.342290312 -0.058278423 -0.937785149 0.085700192 0.097358666 0.994901896 -0.026292155 -0.017609123 0.934536576 -0.082301959 0.346219242 -0.247738376
0.371685088 -0.053728808 -0.926802814 0.080620401 0.090946548 0.995629013 -0.021245606 -0.019001352 0.923893332 -0.076392844 0.374946922 -0.242815137
0.395422429 -0.052894618 -0.916975021 0.075378947 0.085677795 0.996111691 -0.020513134 -0.019342178 0.914494634 -0.070453033 0.398416877 -0.239235312
0.418447047 -0.053023070 -0.906692088 0.070639081 0.084537290 0.996234477 -0.019244710 -0.020410420 0.904298365 -0.068596415 0.421353787 -0.234496489
0.448658288 -0.055046886 -0.892006397 0.063262194 0.084458254 0.996245980 -0.018999116 -0.020394728 0.889703691 -0.066813201 0.451623172 -0.229048833
0.468656689 -0.061217580 -0.881256640 0.059232976 0.087602593 0.995899260 -0.022593873 -0.015321041 0.879026055 -0.066611603 0.472097695 -0.224767536
0.495027542 -0.060003929 -0.866802871 0.052917495 0.081732176 0.996404827 -0.022298634 -0.015832912 0.865024626 -0.059807260 0.498152137 -0.219427750
0.513898373 -0.063973971 -0.855462253 0.049220309 0.082127035 0.996303976 -0.025170673 -0.015253627 0.853910863 -0.057321407 0.517253041 -0.215148866
0.539187372 -0.067145623 -0.839504898 0.044247791 0.081898168 0.996272564 -0.027083704 -0.014315506 0.838194251 -0.054150704 0.542676747 -0.209272832
0.555813611 -0.070350878 -0.828324795 0.042510394 0.083303414 0.996110737 -0.028703826 -0.011540068 0.827122569 -0.053048316 0.559512377 -0.205902949
0.579602122 -0.071897171 -0.811721742 0.038923722 0.081259914 0.996234834 -0.030217316 -0.010971302 0.810837924 -0.048446409 0.583262205 -0.201181903
0.603804171 -0.075321816 -0.793566108 0.036737833 0.078304864 0.996315420 -0.034985706 -0.008590095 0.793277264 -0.041015573 0.607477427 -0.195849851
0.620707870 -0.076775946 -0.780273736 0.037677709 0.076699562 0.996366620 -0.037024118 -0.008560493 0.780281305 -0.036865506 0.624341249 -0.190289989
0.639087200 -0.078861050 -0.765080690 0.033042181 0.075929955 0.996339440 -0.039272353 -0.006662191 0.765377104 -0.032994080 0.642735720 -0.187190294
0.659590900 -0.079230718 -0.747437179 0.031380825 0.073113523 0.996475995 -0.041109137 -0.005402015 0.748060346 -0.027532559 0.663059354 -0.180742994
0.673182368 -0.081475876 -0.734974265 0.030778935 0.073741198 0.996353865 -0.042909712 -0.005286128 0.735790610 -0.025311828 0.676735997 -0.176228985
0.691557348 -0.082824357 -0.717557251 0.028444488 0.072419979 0.996349216 -0.045208104 -0.002927972 0.718681931 -0.020701483 0.695030808 -0.169954494
0.703583956 -0.081707336 -0.705899119 0.030135911 0.070475332 0.996493459 -0.045099251 -0.003776394 0.707108796 -0.018017361 0.706875145 -0.163680866
0.720758259 -0.079774931 -0.688580751 0.029377513 0.072730564 0.996575952 -0.039328169 -0.009613435 0.689360380 -0.021734765 0.724092364 -0.157734275
0.732848167 -0.079394445 -0.675743997 0.030370172 0.071794935 0.996647358 -0.039235964 -0.009833468 0.676593602 -0.019760996 0.736091375 -0.150463805
0.752297044 -0.077977531 -0.654193103 0.028699556 0.071899697 0.996757329 -0.036128111 -0.014820920 0.654888988 -0.019857207 0.755464137 -0.143528715
0.766602159 -0.076194048 -0.637585759 0.029120807 0.069471240 0.996948123 -0.035610456 -0.014767752 0.638353288 -0.016994817 0.769555867 -0.136610121
0.788993895 -0.075662501 -0.609724283 0.026356947 0.067087166 0.997063875 -0.036916666 -0.015000621 0.610727429 -0.011777655 0.791753292 -0.128515571
0.806323886 -0.074040599 -0.586821735 0.024116514 0.065538652 0.997208893 -0.035766512 -0.016583022 0.587832034 -0.009620110 0.808925807 -0.125264630
0.826210678 -0.073600359 -0.558532715 0.022033462 0.065013006 0.997261822 -0.035243042 -0.017379083 0.559597313 -0.007193708 0.828733385 -0.117089599
0.840759575 -0.075323500 -0.536143363 0.019045621 0.065422207 0.997152925 -0.037498720 -0.016139483 0.537441373 -0.003548273 0.843293607 -0.114749521
0.858359575 -0.072510272 -0.507898748 0.018244931 0.063416623 0.997365654 -0.035213720 -0.020506358 0.509114146 -0.001983189 0.860696733 -0.108867481
0.872621536 -0.071956865 -0.483067125 0.013962985 0.061712325 0.997404516 -0.037093375 -0.018555582 0.484482408 0.002557281 0.874797285 -0.103080861
0.887526035 -0.071807615 -0.455127716 0.018184043 0.062457480 0.997413576 -0.035570782 -0.020962957 0.456504732 0.003143868 0.889715433 -0.096046403
0.904299617 -0.069207072 -0.421251267 0.017790463 0.058742110 0.997557819 -0.037786461 -0.020865107 0.422837555 0.009425096 0.906156540 -0.089689068
0.915549934 -0.068934925 -0.396252900 0.014350875 0.058481473 0.997549057 -0.038418025 -0.020911632 0.397929966 0.012000171 0.917337298 -0.085641213
0.929680824 -0.066777490 -0.362262785 0.014332797 0.054904066 0.997565985 -0.042984508 -0.019797575 0.364251375 0.020072175 0.931084335 -0.078123994
0.939262211 -0.064949900 -0.336998552 0.011636244 0.053626232 0.997642934 -0.042812373 -0.019763295 0.338984877 0.022140082 0.940531313 -0.071442463
0.950530946 -0.063928314 -0.303980350 0.014012433 0.052027296 0.997534454 -0.047098860 -0.016633175 0.306241751 0.028953649 0.951513410 -0.061866522
0.958052039 -0.061925784 -0.279823929 0.012367394 0.050453857 0.997571170 -0.048022855 -0.016141610 0.282118082 0.031890202 0.958849549 -0.056488149
0.966637909 -0.059437502 -0.249155208 0.014345087 0.048899584 0.997636199 -0.048278395 -0.016494296 0.251435786 0.034484133 0.967259467 -0.046817549
0.974597991 -0.055926621 -0.216866195 0.016657989 0.046314809 0.997716606 -0.049157478 -0.016827738 0.219120204 0.037864670 0.974962831 -0.039211981
0.979854524 -0.053827684 -0.192321807 0.017994205 0.044947635 0.997725010 -0.050244372 -0.018505475 0.194588810 0.040587768 0.980044842 -0.034721248
0.985996723 -0.050981466 -0.158780947 0.020585027 0.043022193 0.997658193 -0.053169716 -0.017919485 0.161119804 0.045594059 0.985881090 -0.026105851
0.989664078 -0.050471548 -0.134229690 0.025937896 0.043914951 0.997713745 -0.051367998 -0.020700021 0.136515424 0.044942372 0.989617884 -0.018572871
0.994031787 -0.046386816 -0.098736994 0.031508900 0.041043188 0.997615814 -0.055480566 -0.020328466 0.101075150 0.051096968 0.993565738 -0.011257326
0.996732652 -0.044348747 -0.067506947 0.028238356 0.040418297 0.997467935 -0.058515675 -0.018417982 0.069931135 0.055595972 0.996001363 -0.005435136
0.998755336 -0.039894801 -0.029936163 0.032959510 0.038015429 0.997418404 -0.060920004 -0.018147048 0.032289274 0.059706133 0.997693658 0.002750843
0.999388874 -0.033687972 0.009328430 0.027833749 0.034210499 0.997421741 -0.063083343 -0.018496105 -0.007179227 0.063363917 0.997964680 0.009186959
0.998882353 -0.029587653 0.036859926 0.031037964 0.031932317 0.997391403 -0.064735830 -0.016634475 -0.034848392 0.065840505 0.997221470 0.016868114
0.997155368 -0.024210287 0.071379550 0.030633545 0.028950887 0.997389972 -0.066145495 -0.017550329 -0.069591850 0.068023831 0.995253623 0.024668477
0.995116353 -0.021885345 0.096251898 0.033069957 0.028586101 0.997220933 -0.068798311 -0.015470131 -0.094478734 0.071213782 0.992976546 0.031797986
0.991376519 -0.017178547 0.129913345 0.035750009 0.026460864 0.997191429 -0.070064999 -0.014847258 -0.128344849 0.072898418 0.989046752 0.040481918
0.986463845 -0.014467400 0.163339540 0.037019044 0.026491703 0.997075796 -0.071678974 -0.013899558 -0.161824912 0.075035848 0.983962536 0.048364554
0.982980728 -0.012982996 0.183249205 0.039741859 0.026600946 0.997045994 -0.072052553 -0.012725392 -0.181772456 0.075700872 0.980422378 0.051786110
0.978361249 -0.010593261 0.206632361 0.040724009 0.026221974 0.996984005 -0.073044010 -0.014406780 -0.205235362 0.076881751 0.975688279 0.055557195
0.975473821 -0.011520523 0.219813824 0.041145425 0.028518932 0.996826887 -0.074315190 -0.012459249 -0.218260184 0.078761369 0.972707093 0.060955331
0.972966373 -0.009005349 0.230770990 0.042080857 0.027096491 0.996789277 -0.075345427 -0.012215005 -0.229351535 0.079561666 0.970086515 0.062733337
0.972014070 -0.010468143 0.234689325 0.040692978 0.028869867 0.996757269 -0.075110883 -0.010112043 -0.233141989 0.079784282 0.969164133 0.063653067
0.972228885 -0.011424996 0.233752966 0.040352616 0.029323513 0.996883333 -0.073238760 -0.008835479 -0.232187644 0.078059293 0.969533682 0.063713439
0.972605348 -0.012238732 0.232140228 0.040057987 0.029438550 0.997057974 -0.070773445 -0.008909781 -0.230591074 0.075668506 0.970104098 0.066065125
0.972698271 -0.015082287 0.231583059 0.040388752 0.031798348 0.997136056 -0.068619460 -0.009898748 -0.229884863 0.074109994 0.970391929 0.066323377
0.971969485 -0.015557369 0.234591633 0.037694927 0.032367826 0.997161567 -0.067979120 -0.010262369 -0.232868165 0.073666848 0.969714105 0.067802034
0.972689748 -0.012737511 0.231759056 0.039400227 0.029817628 0.997076988 -0.070344716 -0.009130081 -0.230185598 0.075334087 0.970226407 0.066648938
0.971812546 -0.012522656 0.235422075 0.038804922 0.029656194 0.997149527 -0.069378801 -0.009391473 -0.233882174 0.074404903 0.969413757 0.068640135
0.971656740 -0.010647904 0.236156642 0.040391274 0.028309710 0.997037053 -0.071524419 -0.011364689 -0.234695330 0.076182701 0.969079018 0.067427106
0.971112132 -0.014211183 0.238199964 0.042321954 0.032435238 0.996821642 -0.072763413 -0.010904112 -0.236408815 0.078387499 0.968486607 0.068758413
0.970995426 -0.015408030 0.238601029 0.043674048 0.033658653 0.996792614 -0.072605684 -0.010359917 -0.236717001 0.078530759 0.968399644 0.067961663
0.970966101 -0.014697588 0.238765210 0.041670144 0.033714101 0.996556163 -0.075757585 -0.010968849 -0.236829475 0.081607789 0.968117654 0.067438573
0.971950233 -0.015618942 0.234667391 0.041923773 0.034828901 0.996349454 -0.077940248 -0.010656566 -0.232593358 0.083927244 0.968946040 0.067810729
0.972336054 -0.013964057 0.233168691 0.040635932 0.033181902 0.996345878 -0.078702390 -0.010100832 -0.231217623 0.084262162 0.969246209 0.065240674
0.972943068 -0.012696773 0.230695978 0.039605439 0.031757869 0.996360779 -0.079099901 -0.009500966 -0.228852078 0.084286109 0.969805360 0.063499384
0.973930240 -0.011701292 0.226545662 0.040089883 0.030566242 0.996330559 -0.079944290 -0.011386960 -0.224778906 0.084784821 0.970714092 0.063390449
0.974368513 -0.014376680 0.224498034 0.040367246 0.033747565 0.996004045 -0.082688190 -0.010973461 -0.222412124 0.088145033 0.970959902 0.063211642
0.974843204 -0.013686657 0.222471073 0.040282987 0.032933500 0.996002257 -0.083035760 -0.011661532 -0.220445201 0.088273585 0.971396744 0.060466673
0.974415362 -0.015930753 0.224189416 0.041484006 0.035090256 0.996035933 -0.081738383 -0.012923332 -0.221998528 0.087514006 0.971111715 0.060068615
0.974798679 -0.016722165 0.222458526 0.041333191 0.035252783 0.996204138 -0.079590961 -0.011609921 -0.220283136 0.085427441 0.971687913 0.059479367
0.977490246 -0.019387661 0.210087657 0.038039252 0.036767676 0.996185243 -0.079140052 -0.010320489 -0.207751870 0.085083053 0.974474192 0.059896965
0.982747257 -0.023675125 0.183432490 0.034493152 0.038570628 0.996201813 -0.078066729 -0.006643043 -0.180887535 0.083794951 0.979927540 0.056509901
0.987424314 -0.027202334 0.155734360 0.030892173 0.039597385 0.996240556 -0.077050127 -0.007127197 -0.153052971 0.082247838 0.984789371 0.049313705
0.992668092 -0.029011127 0.117338389 0.025510490 0.038038511 0.996424437 -0.075441808 -0.006500635 -0.114730187 0.079352051 0.990222335 0.046416234
0.995710731 -0.031062264 0.087150402 0.023953630 0.037241675 0.996837497 -0.070199385 -0.006722178 -0.084694229 0.073143899 0.993718743 0.037488163
0.998135090 -0.035581019 0.049600583 0.020946831 0.038709749 0.997223377 -0.063614681 -0.006629585 -0.047199380 0.065416060 0.996741235 0.028642187
0.999006033 -0.037923601 0.023425033 0.020225616 0.039251812 0.997479141 -0.059116051 -0.011365972 -0.021124089 0.059976764 0.997976303 0.021219270
0.998924017 -0.045693278 -0.007929681 0.019321594 0.045170546 0.997360826 -0.056842439 -0.011089083 0.010506067 0.056423090 0.998351753 0.015235608
0.998349249 -0.048337281 -0.031021040 0.018980592 0.046580203 0.997395813 -0.055062287 -0.012002214 0.033601824 0.053526424 0.998000979 0.008237953
0.997088015 -0.050082561 -0.057507340 0.014812728 0.047124151 0.997550368 -0.051696826 -0.014635245 0.059955578 0.048836306 0.997005761 0.002775925
0.995185912 -0.051987022 -0.083081342 0.012142064 0.047943026 0.997600317 -0.049951669 -0.015890414 0.085478812 0.045728020 0.995290041 -0.004001999
0.993445754 -0.054158542 -0.100659199 0.010149326 0.049577605 0.997641623 -0.047468584 -0.015796330 0.102992624 0.042167030 0.993787944 -0.007683326
0.990698576 -0.055372544 -0.124298416 0.006517968 0.049567029 0.997552156 -0.049324844 -0.016402621 0.126725391 0.042704947 0.991018057 -0.014446694
0.987923801 -0.057730578 -0.143783733 0.004352154 0.050961006 0.997431695 -0.050330471 -0.017392548 0.146320075 0.042395309 0.988328338 -0.017899232
0.983755708 -0.056801062 -0.170288935 0.001910717 0.048048727 0.997324884 -0.055088032 -0.014068290 0.172962442 0.046010997 0.983853042 -0.025042679
0.980760098 -0.058112748 -0.186366811 0.002741122 0.049241666 0.997438312 -0.051884897 -0.012685949 0.188904598 0.041709617 0.981109262 -0.026588855
0.976606607 -0.059098113 -0.206753686 -0.001815682 0.049425572 0.997441590 -0.051644024 -0.011765478 0.209276810 0.040216967 0.977029085 -0.033386983
0.971273839 -0.063280188 -0.229396164 -0.002926646 0.052357771 0.997199774 -0.053397790 -0.010434873 0.232132822 0.039853204 0.971867323 -0.039555963
0.967135668 -0.065095067 -0.245787069 -0.003958986 0.053513721 0.997132063 -0.053515203 -0.010644722 0.248565733 0.038603481 0.967845380 -0.043387651
0.961029589 -0.068350866 -0.267862469 -0.001685325 0.055852782 0.996976972 -0.054013029 -0.010551652 0.270744562 0.036947250 0.961941898 -0.047109492
0.957431555 -0.071039505 -0.279782623 -0.000232758 0.058485087 0.996881485 -0.052978639 -0.010942254 0.282673657 0.034360301 0.958600521 -0.049715463
0.952559054 -0.073438451 -0.295360923 -0.005430863 0.061207410 0.996848762 -0.050458129 -0.008901532 0.298135757 0.029986067 0.954052329 -0.054148640
0.944727004 -0.076041430 -0.318917662 -0.006840543 0.063416407 0.996743739 -0.049801629 -0.010652356 0.321666151 0.026824327 0.946473122 -0.061270718
0.932127535 -0.078026801 -0.353624046 -0.009242265 0.063778326 0.996619344 -0.051788025 -0.008013461 0.356469423 0.025719495 0.933952928 -0.070973247
0.920809269 -0.077284619 -0.382279009 -0.004700658 0.061851267 0.996702731 -0.052518066 -0.007177443 0.385077327 0.024714690 0.922553301 -0.077666491
0.908755183 -0.078990996 -0.409785807 -0.006152924 0.064062148 0.996689796 -0.050057117 -0.005538252 0.412383348 0.019237909 0.910807312 -0.085056610
0.893319666 -0.081326902 -0.442002088 -0.003484685 0.066279814 0.996577084 -0.049410261 -0.007755089 0.444507480 0.014843346 0.895652235 -0.093864411
0.881477416 -0.083684400 -0.464752078 0.000362188 0.068589695 0.996424794 -0.049327247 -0.006982669 0.467218399 0.011603654 0.884065807 -0.098766319
0.867856622 -0.083431140 -0.489759237 0.003303841 0.068818688 0.996483207 -0.047805037 -0.008479120 0.492025226 0.007783335 0.870546222 -0.105002441
0.859624267 -0.085143290 -0.503782392 0.004487968 0.071118258 0.996358097 -0.047040600 -0.007608718 0.505952835 0.004609118 0.862548888 -0.107868984
0.847485960 -0.086485147 -0.523725033 0.006847968 0.073856287 0.996253073 -0.045002479 -0.009756749 0.525654674 -0.000541417 0.850697875 -0.112473734
0.835645497 -0.086737968 -0.542377293 0.007207944 0.074475296 0.996226251 -0.044573545 -0.009268391 0.544196784 -0.003146029 0.838951826 -0.117378548
0.825774968 -0.086655170 -0.557303011 0.008079519 0.074668907 0.996225536 -0.044263847 -0.007487197 0.559035122 -0.005061234 0.829128504 -0.120748721
0.812640548 -0.087004490 -0.576234043 0.009315487 0.076001368 0.996170223 -0.043228075 -0.007292121 0.577788234 -0.008665693 0.816140711 -0.127622575
0.802133501 -0.086936586 -0.590782464 0.010855976 0.077742420 0.996128798 -0.041030742 -0.007956696 0.592062473 -0.013016723 0.805786848 -0.131326556
0.787235618 -0.087997220 -0.610341370 0.013200143 0.079960316 0.995976567 -0.040461875 -0.007868484 0.611446321 -0.016950062 0.791104317 -0.136159644
0.773887753 -0.087681420 -0.627223730 0.016105773 0.081209317 0.995932758 -0.039025810 -0.008040520 0.628094554 -0.020734815 0.777860641 -0.141059205
0.763285100 -0.087696701 -0.640082121 0.017707191 0.083026066 0.995844185 -0.037432216 -0.009703636 0.640704811 -0.024572043 0.767394006 -0.143968835
0.752289891 -0.086882867 -0.653078318 0.017945446 0.084531523 0.995802283 -0.035104424 -0.008549981 0.653386831 -0.028797003 0.756476223 -0.148659378
0.743705153 -0.087652177 -0.662736595 0.017096421 0.087212518 0.995615780 -0.033810571 -0.009832022 0.662794590 -0.032653831 0.748088837 -0.151192650
0.731306434 -0.090215139 -0.676056206 0.016740445 0.088765569 0.995372295 -0.036805835 -0.004596453 0.676248133 -0.033094171 0.735930204 -0.155954018
0.719198704 -0.089166269 -0.689059138 0.021293998 0.089188308 0.995374262 -0.035714913 -0.005370872 0.689056337 -0.035769895 0.723824382 -0.157430962
0.706620097 -0.091594696 -0.701639771 0.018919922 0.091000348 0.995115638 -0.038259849 -0.003173654 0.701717079 -0.036814295 0.711503804 -0.165539518
0.691606879 -0.093243428 -0.716230035 0.021718526 0.093801983 0.994829237 -0.038936075 -0.002803580 0.716157138 -0.040255353 0.696777165 -0.169685870
0.672164381 -0.093360230 -0.734492242 0.023808971 0.094521388 0.994721413 -0.039937131 -0.002488875 0.734343767 -0.042580914 0.677440882 -0.175756529
0.657471001 -0.094355330 -0.747548580 0.026049033 0.097163357 0.994461656 -0.040065181 -0.002203956 0.747188807 -0.046292637 0.662997603 -0.180387095
0.635203362 -0.095272250 -0.766446292 0.028145520 0.097828120 0.994294703 -0.042518225 -0.005173404 0.766124249 -0.047972284 0.640899599 -0.188296646
0.616680443 -0.098879859 -0.780978918 0.029163266 0.101740234 0.993770599 -0.045484830 -0.003971907 0.780611455 -0.051407374 0.622898877 -0.194282651
0.593295217 -0.096503928 -0.799179435 0.033396386 0.099617973 0.993958712 -0.046069816 -0.005849376 0.798797309 -0.052279644 0.599324405 -0.199847579
0.577679336 -0.094764568 -0.810744286 0.036877114 0.100195289 0.993959248 -0.044787705 -0.004893613 0.810091019 -0.055359818 0.583684683 -0.203929588
0.557565689 -0.092490740 -0.824964166 0.038823940 0.100331344 0.993996918 -0.043631215 -0.005441546 0.824047327 -0.058442499 0.563498259 -0.209971189
0.540823400 -0.093947597 -0.835873067 0.040933922 0.102210455 0.993719041 -0.045556813 -0.005830302 0.834903061 -0.060796779 0.547028959 -0.214033604
0.519753158 -0.095361449 -0.848977506 0.045901667 0.103178166 0.993483305 -0.048426308 -0.005968848 0.848063052 -0.062426213 0.526205242 -0.219648436
0.499979079 -0.090091527 -0.861338615 0.051918007 0.102948844 0.993705034 -0.044177905 -0.007929984 0.859896660 -0.066585787 0.506106675 -0.222037897
0.486950845 -0.088449389 -0.868939400 0.054570310 0.106017672 0.993488848 -0.041715331 -0.007073843 0.866971195 -0.071809605 0.493157417 -0.223661497
0.466408461 -0.087239876 -0.880256951 0.056784522 0.111793332 0.992958963 -0.039175224 -0.007127543 0.877476692 -0.080135196 0.472877383 -0.228114396
0.449355990 -0.085603356 -0.889241993 0.061461993 0.110874072 0.993046463 -0.039568756 -0.007239504 0.886445820 -0.080813423 0.455722481 -0.230242640
0.429000288 -0.078517288 -0.899885356 0.062544927 0.111152522 0.993232667 -0.033672590 -0.007197441 0.896439612 -0.085578993 0.434824526 -0.233193308
0.409901530 -0.079617687 -0.908648312 0.066681542 0.114677370 0.992776990 -0.035256933 -0.005798869 0.904892266 -0.089749537 0.416071177 -0.236564592
0.379953146 -0.076536648 -0.921833932 0.070578367 0.117320187 0.992510319 -0.034048684 -0.004884771 0.917535663 -0.095212817 0.386086702 -0.243480682
0.356397450 -0.073017836 -0.931476891 0.077020615 0.114288196 0.992862225 -0.034101345 -0.005969612 0.927318275 -0.094303198 0.362198621 -0.247158960
0.327953875 -0.074739173 -0.941732585 0.082230859 0.118884049 0.992205679 -0.037344079 -0.005123735 0.937183499 -0.099709854 0.334282994 -0.252196968
0.304102719 -0.073754318 -0.949779928 0.087726094 0.120125845 0.992009163 -0.038571410 -0.005694221 0.945035100 -0.102363445 0.310532480 -0.256567210
0.278628945 -0.072501868 -0.957658231 0.093329363 0.121212065 0.991827607 -0.039822299 -0.007217031 0.952719092 -0.104984090 0.285139948 -0.260133982
0.244691089 -0.071479745 -0.966962755 0.102874734 0.124005795 0.991396189 -0.041906096 -0.009584337 0.961638570 -0.109654933 0.251449704 -0.264505714
0.219911814 -0.072551332 -0.972818136 0.110017769 0.126571462 0.990922987 -0.045289271 -0.008672417 0.967273653 -0.113171369 0.227098644 -0.266372174
0.189585760 -0.068827383 -0.979448915 0.116630264 0.128508389 0.990698457 -0.044743359 -0.010437170 0.973418057 -0.117384695 0.196667239 -0.271436274
0.167125538 -0.066860996 -0.983665943 0.122497566 0.129072741 0.990595162 -0.045402437 -0.010577460 0.977450371 -0.119376548 0.174183682 -0.273790866
0.140328690 -0.062993206 -0.988099039 0.128744334 0.131611407 0.990304589 -0.044442534 -0.012200296 0.981318653 -0.123808555 0.147258788 -0.277382404
0.120038897 -0.060796354 -0.990905881 0.133693963 0.131826699 0.990260541 -0.044787206 -0.012649440 0.983977854 -0.125251651 0.126884371 -0.280574918
0.093361706 -0.059184689 -0.993871629 0.140264660 0.135158718 0.989744306 -0.046242438 -0.012652976 0.986415565 -0.130013138 0.100403532 -0.284628212
0.072623752 -0.057867315 -0.995679200 0.144705206 0.136753604 0.989464045 -0.047531441 -0.012909912 0.987939417 -0.132710800 0.079772152 -0.288633257
0.043130573 -0.056489464 -0.997471213 0.151400447 0.138810292 0.989055455 -0.050010711 -0.011513599 0.989379346 -0.136302292 0.050499849 -0.292378068
0.027264541 -0.057613488 -0.997966707 0.155172139 0.140702859 0.988619864 -0.053229887 -0.010238404 0.989676297 -0.138965458 0.035060655 -0.300382197
-0.013800366 -0.056729175 -0.998294175 0.164756343 0.145878717 0.987592757 -0.058137670 -0.009479655 0.989206195 -0.146432206 -0.005353564 -0.300047249
-0.047498345 -0.053658858 -0.997429073 0.172577024 0.148976222 0.987007082 -0.060192555 -0.009946412 0.987699330 -0.151452214 -0.038887311 -0.297860265
-0.091142222 -0.047613155 -0.994699001 0.183528960 0.149568036 0.986871481 -0.060943089 -0.012105018 0.984541774 -0.154329687 -0.082824245 -0.294970423
-0.119748369 -0.045318149 -0.991769493 0.191236869 0.149814919 0.986693561 -0.063175194 -0.012615111 0.981435597 -0.156146944 -0.111365624 -0.296163708
-0.154868454 -0.044664469 -0.986924946 0.200928122 0.149511456 0.986411810 -0.068102613 -0.011928575 0.976556242 -0.158103555 -0.146086246 -0.298739225
-0.186511740 -0.043641511 -0.981482983 0.208157003 0.150336847 0.985979557 -0.072410047 -0.010758048 0.970882177 -0.161058381 -0.177335858 -0.298373669
-0.223285854 -0.037364352 -0.974036634 0.219568267 0.151494980 0.985792458 -0.072543658 -0.011309055 0.962908447 -0.163759634 -0.214452967 -0.299550056
-0.252895683 -0.036649309 -0.966799140 0.227501705 0.152315050 0.985312760 -0.077193744 -0.010788075 0.955428600 -0.166780025 -0.243599087 -0.300378472
-0.282913029 -0.035170689 -0.958500504 0.236608252 0.153531715 0.984781027 -0.081451744 -0.010062811 0.946777821 -0.170204014 -0.273207515 -0.301790327
-0.327972114 -0.035467464 -0.944021285 0.248533249 0.154604912 0.983806670 -0.090675108 -0.006847355 0.931950390 -0.175689265 -0.317177683 -0.302548856
-0.363651842 -0.030123230 -0.931047738 0.257099748 0.155131742 0.983561814 -0.092414171 -0.007632514 0.918526709 -0.178041667 -0.353000969 -0.301890910
-0.412231416 -0.031167425 -0.910545945 0.272007585 0.158012196 0.981823206 -0.105144061 -0.005625801 0.897272170 -0.187221080 -0.399813533 -0.300510287
-0.446566910 -0.029170839 -0.894274592 0.282174408 0.157163814 0.981371939 -0.110493571 -0.004596673 0.880839109 -0.189890400 -0.433663577 -0.299967945
-0.488359362 -0.023500845 -0.872326016 0.293187469 0.155478925 0.981299460 -0.113479294 -0.004712866 0.858680069 -0.191047013 -0.475572884 -0.296309829
-0.522703111 -0.023754409 -0.852183878 0.303870499 0.153856069 0.980569482 -0.121703692 -0.001143937 0.838516414 -0.194728568 -0.508892059 -0.296242595
-0.548170090 -0.018702453 -0.836157739 0.312048107 0.155103549 0.980134964 -0.123605937 -0.001195323 0.821859062 -0.197448120 -0.534379900 -0.294063479
-0.584492743 -0.019778708 -0.811157763 0.322149873 0.153019667 0.979077756 -0.134133920 0.002207766 0.796839476 -0.202523410 -0.569237351 -0.290058255
-0.614576995 -0.012695455 -0.788754582 0.330409497 0.151378855 0.979390204 -0.133714303 0.002967032 0.774196088 -0.201578483 -0.599988878 -0.287526876
-0.641254485 -0.004696011 -0.767313898 0.340332896 0.153467819 0.978992105 -0.134246603 0.001423927 0.751824677 -0.203844249 -0.627062380 -0.284574807
-0.666170657 0.000687650 -0.745799065 0.345032334 0.153600290 0.978687823 -0.136298150 0.001438241 0.729810715 -0.205352798 -0.652078748 -0.279090613
-0.691162229 0.007755809 -0.722658038 0.351359248 0.156550899 0.977806568 -0.139233753 0.003188234 0.705539942 -0.209365860 -0.677037179 -0.273837298
-0.707419872 0.013819195 -0.706658483 0.355526924 0.155439764 0.978372753 -0.136474475 0.001274187 0.689489365 -0.206387535 -0.694268465 -0.271726906
-0.724626660 0.022797229 -0.688764513 0.359688252 0.158821911 0.978072941 -0.134718373 -0.000400561 0.670590699 -0.207011372 -0.712358415 -0.265959173
-0.738930702 0.022471724 -0.673406601 0.361969203 0.158476233 0.977201819 -0.141286880 0.002355776 0.654879212 -0.211120144 -0.725645661 -0.263935834
-0.760931849 0.027885789 -0.648232162 0.366473556 0.153748408 0.978370726 -0.138390884 0.003127235 0.630352318 -0.204970732 -0.748760998 -0.261460721
-0.771842122 0.025022579 -0.635321498 0.370563060 0.149362519 0.978398561 -0.142923266 0.006606776 0.618021369 -0.205207452 -0.758906782 -0.259803534
-0.784535110 0.030120634 -0.619352281 0.372044057 0.146996930 0.979382277 -0.138571635 0.002752683 0.602408826 -0.199757189 -0.772787571 -0.257276803
-0.801839590 0.031609461 -0.596702695 0.375191599 0.141413391 0.980270565 -0.138100609 0.004467364 0.580564857 -0.195116282 -0.790489733 -0.254930049
-0.813220859 0.034193121 -0.580949783 0.379839659 0.137720317 0.981223643 -0.135030463 0.004651631 0.565424562 -0.189818203 -0.802660644 -0.255719304
-0.828069985 0.033350352 -0.559631824 0.382847637 0.128782377 0.982850611 -0.131983936 0.006073263 0.545632839 -0.181362659 -0.818163991 -0.255428612
-0.838964164 0.038884453 -0.542795539 0.384875745 0.127698168 0.983660221 -0.126908019 0.006163149 0.528991759 -0.175785288 -0.830221236 -0.255808443
-0.851430357 0.044126473 -0.522607982 0.390525639 0.127485901 0.983980656 -0.124616869 0.002421519 0.508737147 -0.172727749 -0.843416512 -0.260069847
-0.860900581 0.035145648 -0.507557929 0.392670244 0.118679643 0.983962357 -0.133165807 0.004121592 0.494737685 -0.174879298 -0.851264834 -0.260456592
-0.872914493 0.030872928 -0.486895382 0.392233610 0.112795770 0.983727574 -0.139846250 0.006382028 0.474655032 -0.176993579 -0.862192452 -0.259611785
-0.883076906 0.025902180 -0.468512863 0.391316056 0.104851179 0.984120905 -0.143220738 0.008664856 0.457363635 -0.175599083 -0.871770263 -0.259415835
-0.893431246 0.030786622 -0.448143601 0.388701051 0.106657647 0.983657300 -0.145060152 0.008349237 0.436353832 -0.177399248 -0.882113755 -0.260173976
-0.904606283 0.034654088 -0.424837142 0.386542529 0.106322356 0.983529925 -0.146165490 0.005325320 0.412774861 -0.177391902 -0.893391848 -0.260928690
-0.914046526 0.022099584 -0.405006915 0.386182666 0.091626376 0.983954072 -0.153098091 0.004034364 0.395124823 -0.177048102 -0.901404560 -0.263853550
-0.922155738 0.020284109 -0.386286438 0.383076102 0.088105880 0.983389258 -0.158690989 0.003575766 0.376651078 -0.180371910 -0.908625305 -0.264640182
-0.925679326 0.015633859 -0.377985954 0.382166862 0.084263518 0.982566297 -0.165719613 0.004630293 0.368805498 -0.185253635 -0.910858691 -0.267409414
-0.931224942 0.023856988 -0.363663167 0.379380107 0.087250181 0.983431041 -0.158904865 -0.002515053 0.353846669 -0.179705843 -0.917877018 -0.268872052
-0.936605275 0.022943217 -0.349634141 0.379189312 0.086610191 0.982048273 -0.167570099 -0.001850723 0.339513034 -0.187228933 -0.921778738 -0.270312309
-0.940798938 0.036534715 -0.336990476 0.380146116 0.097495668 0.981329083 -0.165794700 -0.006842284 0.324641287 -0.188834563 -0.926795304 -0.271975905
-0.945740581 0.030493919 -0.323488653 0.380149722 0.090823218 0.980711222 -0.173080176 -0.005114116 0.311971039 -0.193069234 -0.930267930 -0.273452252
-0.947855055 0.019719772 -0.318091244 0.380534410 0.077422231 0.982432723 -0.169799387 -0.004930269 0.309154809 -0.185572535 -0.932730496 -0.276027441
-0.947568953 0.028274201 -0.318298161 0.381839514 0.089313939 0.979814112 -0.178850070 0.006352876 0.306816161 -0.197901234 -0.930966735 -0.281691045
-0.948961556 0.037168738 -0.313194036 0.372248948 0.094099902 0.981169522 -0.168676108 0.008807587 0.301026940 -0.189538673 -0.934589684 -0.285578400
-0.947914839 0.056784362 -0.313421339 0.372004688 0.108291693 0.982820511 -0.149455279 0.001159687 0.299550176 -0.175611809 -0.937779427 -0.291683853
-0.952170551 0.058291566 -0.299955726 0.364899695 0.108854018 0.981943607 -0.154717967 0.008530720 0.285520852 -0.179969266 -0.941322982 -0.295316428
-0.955270350 0.048818626 -0.291676641 0.364507467 0.098142870 0.982718349 -0.156947836 0.009663770 0.278973997 -0.178553581 -0.943552911 -0.301861763
-0.959304869 0.042152744 -0.279208392 0.358751118 0.092713021 0.980996609 -0.170440227 0.020246636 0.266717970 -0.189390391 -0.944983006 -0.307134897
-0.956902564 0.055117968 -0.285130858 0.357742518 0.108790271 0.978364527 -0.175976083 0.025611890 0.269262493 -0.199411392 -0.942195773 -0.313216805
-0.952973187 0.072072573 -0.294359654 0.359591633 0.122754380 0.979860306 -0.157496303 0.012130929 0.277080208 -0.186223716 -0.942627907 -0.314811319
-0.951607883 0.066479586 -0.300038189 0.362726480 0.118519090 0.980184615 -0.158717930 0.011871914 0.283541322 -0.186597496 -0.940630496 -0.318755776
-0.952524602 0.068193614 -0.296726495 0.358544588 0.120658368 0.979344308 -0.162253916 0.014800781 0.279532731 -0.190353394 -0.941077650 -0.321216643
-0.950077832 0.083708934 -0.300574541 0.363038749 0.133751661 0.979603887 -0.149955675 0.007375971 0.281891346 -0.182671919 -0.941896141 -0.323712677
-0.950401425 0.085146129 -0.299144268 0.360756069 0.136436418 0.978452802 -0.154968306 0.010548099 0.279503614 -0.188096270 -0.941540003 -0.324128211
-0.951332033 0.084439173 -0.296373844 0.357186317 0.133460566 0.979750276 -0.149257436 0.010314640 0.277769208 -0.181547627 -0.943337023 -0.324719042
-0.950679958 0.091047250 -0.296509713 0.364143759 0.139354929 0.979410887 -0.146063492 0.004383926 0.277106166 -0.180179715 -0.943794191 -0.324885041
-0.955170274 0.085292824 -0.283504874 0.359020323 0.134975523 0.977747798 -0.160595968 0.014671950 0.263498545 -0.191662714 -0.945427954 -0.326169670
-0.954862952 0.081377305 -0.285682470 0.358942419 0.131371886 0.978264749 -0.160435483 0.015157694 0.266417265 -0.190724537 -0.944799483 -0.328581780
-0.954910100 0.086044647 -0.284153402 0.359864622 0.132075474 0.980278075 -0.147006944 0.008691492 0.265900224 -0.177908093 -0.947441697 -0.327909648
-0.955840886 0.084193811 -0.281566501 0.360949665 0.131196558 0.979561567 -0.152468458 0.012067807 0.262974828 -0.182676151 -0.947350919 -0.328955173
-0.955865920 0.079763152 -0.282768905 0.362080574 0.128103614 0.979286671 -0.156802535 0.012450581 0.264404684 -0.186105952 -0.946284711 -0.329086185
-0.956417203 0.083807200 -0.279718757 0.360998452 0.131613076 0.978830695 -0.156742901 0.011045719 0.260661095 -0.186726257 -0.947200656 -0.327939600
