1.000000000 0.000000000 0.000000000 0.000000000 0.000000000 1.000000000 0.000000000 0.000000000 0.000000000 0.000000000 1.000000000 0.000000000
0.999999762 0.000344440 0.000547712 -0.003837093 -0.000344075 0.999999702 -0.000666531 0.000847703 -0.000547942 0.000666342 0.999999642 -0.002576737
0.999998987 0.000150706 0.001421097 -0.008442515 -0.000150008 0.999999881 -0.000491095 0.000633854 -0.001421171 0.000490881 0.999998868 -0.003220579
0.999999762 0.000461206 0.000559383 -0.004071747 -0.000460788 0.999999642 -0.000748370 0.002339139 -0.000559728 0.000748112 0.999999583 -0.002159305
0.999999881 0.000154201 0.000446445 -0.003282608 -0.000154132 1.000000000 -0.000156217 -0.001067040 -0.000446469 0.000156148 0.999999881 -0.001851963
0.999999404 0.000362630 0.001055024 -0.006823673 -0.000361926 0.999999702 -0.000666972 0.002113767 -0.001055265 0.000666590 0.999999225 -0.003672630
0.999999166 0.000634059 0.001125796 -0.007289715 -0.000633358 0.999999583 -0.000623107 0.001703439 -0.001126191 0.000622393 0.999999166 -0.004166444
0.999999464 -0.000007929 0.001043036 -0.006609663 0.000008103 1.000000000 -0.000167076 -0.000514297 -0.001043035 0.000167084 0.999999464 -0.004341873
0.999999344 0.000436885 0.001044063 -0.006764682 -0.000436181 0.999999702 -0.000674585 0.002411228 -0.001044357 0.000674129 0.999999225 -0.003162462
0.999999642 0.000417059 0.000726740 -0.005215246 -0.000416871 0.999999881 -0.000258637 0.000072508 -0.000726848 0.000258334 0.999999702 -0.002675353
0.999999523 0.000106926 0.000946367 -0.006477901 -0.000106458 0.999999881 -0.000494392 0.001124645 -0.000946419 0.000494291 0.999999404 -0.002719203
0.999999881 0.000146484 0.000500440 -0.004105088 -0.000146394 1.000000000 -0.000180385 0.000118440 -0.000500467 0.000180312 0.999999881 -0.001988724
0.999999523 0.000413818 0.000895770 -0.006125747 -0.000413477 0.999999821 -0.000381644 0.000977479 -0.000895927 0.000381274 0.999999523 -0.002939288
0.999999404 0.000380190 0.001019463 -0.006722923 -0.000379597 0.999999762 -0.000581743 0.001971669 -0.001019684 0.000581355 0.999999285 -0.003128038
0.999999523 0.000256700 0.000931241 -0.005939696 -0.000256522 0.999999940 -0.000190850 -0.000054375 -0.000931290 0.000190611 0.999999523 -0.002147425
0.999999642 0.000513049 0.000700177 -0.004827244 -0.000512511 0.999999583 -0.000767834 0.002862747 -0.000700571 0.000767475 0.999999464 -0.002864260
0.999999702 0.000377410 0.000645623 -0.004738688 -0.000377203 0.999999881 -0.000320842 0.000963625 -0.000645744 0.000320598 0.999999762 -0.002278134
0.999999702 0.000425195 0.000615378 -0.004342460 -0.000425029 0.999999881 -0.000268826 0.000135068 -0.000615493 0.000268564 0.999999762 -0.003503622
0.999999642 0.000202574 0.000850077 -0.005710240 -0.000202495 1.000000000 -0.000093870 -0.000752686 -0.000850096 0.000093698 0.999999642 -0.004035236
0.999999523 0.000337973 0.000889904 -0.005981875 -0.000337734 0.999999881 -0.000269038 0.000659579 -0.000889995 0.000268737 0.999999583 -0.003131480
0.999999821 0.000322157 0.000497189 -0.003552789 -0.000321846 0.999999762 -0.000625464 0.002150032 -0.000497390 0.000625303 0.999999702 -0.003203972
0.999999583 0.000150840 0.000887762 -0.005731157 -0.000150550 0.999999940 -0.000326884 0.000621181 -0.000887812 0.000326750 0.999999523 -0.002088667
0.999999166 0.000172657 0.001276319 -0.008346145 -0.000172149 0.999999881 -0.000398661 0.001089017 -0.001276388 0.000398441 0.999999106 -0.005147135
0.999999344 0.000128117 0.001128131 -0.007492493 -0.000127574 0.999999881 -0.000480889 0.001390763 -0.001128192 0.000480745 0.999999225 -0.003818421
0.999999762 0.000045149 0.000671998 -0.004791078 -0.000044928 0.999999940 -0.000328307 0.000930582 -0.000672012 0.000328276 0.999999702 -0.002350920
0.999999404 0.000314994 0.001072626 -0.006936129 -0.000314885 0.999999940 -0.000102270 -0.000690252 -0.001072658 0.000101932 0.999999404 -0.003995264
0.999999881 0.000380853 0.000204376 -0.002340268 -0.000380779 0.999999881 -0.000358766 0.000510720 -0.000204513 0.000358689 0.999999940 -0.001206659
0.999999642 0.000467385 0.000670321 -0.004812544 -0.000467101 0.999999821 -0.000424297 0.001227952 -0.000670519 0.000423983 0.999999702 -0.002627898
0.999999404 0.000479672 0.000992227 -0.006734015 -0.000479169 0.999999762 -0.000506760 0.001376581 -0.000992469 0.000506285 0.999999404 -0.003443771
0.999999285 0.000162622 0.001179646 -0.008081915 -0.000162318 0.999999940 -0.000257824 -0.000168847 -0.001179688 0.000257632 0.999999285 -0.002876130
0.999999702 0.000599060 0.000458649 -0.004038449 -0.000598918 0.999999762 -0.000308351 -0.000326703 -0.000458834 0.000308076 0.999999821 -0.001872299
0.999999702 0.000424918 0.000657637 -0.004734336 -0.000424642 0.999999821 -0.000419521 0.000892429 -0.000657816 0.000419241 0.999999702 -0.002727086
0.999999523 0.000165380 0.000969092 -0.006910417 -0.000165641 0.999999940 0.000269098 -0.002817479 -0.000969047 -0.000269258 0.999999523 -0.003810269
0.999999166 0.000424361 0.001225055 -0.008172997 -0.000424045 0.999999881 -0.000257992 -0.000291692 -0.001225164 0.000257472 0.999999225 -0.003714521
0.999999583 -0.000157960 0.000870820 -0.006008509 0.000157748 0.999999940 0.000243201 -0.002302681 -0.000870858 -0.000243063 0.999999583 -0.003289850
0.999999404 0.000420073 0.001023060 -0.006928246 -0.000419881 0.999999881 -0.000187930 -0.000728312 -0.001023139 0.000187500 0.999999464 -0.002534522
0.999999821 -0.000065380 0.000551404 -0.004994696 0.000065576 0.999999940 -0.000356274 0.000606383 -0.000551381 0.000356310 0.999999762 -0.002986107
0.999999881 0.000485003 0.000132095 -0.002074414 -0.000484939 0.999999762 -0.000486559 0.001577331 -0.000132331 0.000486495 0.999999881 -0.001169550
0.999999821 0.000525769 0.000226273 -0.002321561 -0.000525615 0.999999642 -0.000682083 0.002111120 -0.000226632 0.000681964 0.999999762 -0.001727940
0.999999225 0.000416268 0.001181036 -0.008166112 -0.000415590 0.999999762 -0.000574078 0.001499616 -0.001181275 0.000573586 0.999999166 -0.003990920
0.999999762 0.000340858 0.000581498 -0.004628970 -0.000340615 0.999999881 -0.000417998 0.000627510 -0.000581640 0.000417800 0.999999762 -0.003133009
0.999999583 0.000168952 0.000883709 -0.006334546 -0.000168819 1.000000000 -0.000150989 -0.000624712 -0.000883734 0.000150840 0.999999583 -0.003192812
0.999999106 0.000167683 0.001345872 -0.008758881 -0.000167592 1.000000000 -0.000067123 -0.000711673 -0.001345883 0.000066897 0.999999106 -0.004598515
0.999999344 0.000006729 0.001160878 -0.007918989 -0.000006349 0.999999940 -0.000327266 0.000533712 -0.001160880 0.000327258 0.999999285 -0.003504851
0.999999702 0.000332174 0.000663192 -0.004832508 -0.000332031 0.999999940 -0.000216813 -0.000747228 -0.000663264 0.000216593 0.999999762 -0.002885849
0.999999404 0.000621704 0.000892527 -0.006224453 -0.000621142 0.999999583 -0.000629763 0.001813490 -0.000892918 0.000629208 0.999999404 -0.002653232
0.999999464 0.000261742 0.000997692 -0.007198058 -0.000261324 0.999999881 -0.000418873 0.000497699 -0.000997802 0.000418612 0.999999404 -0.002873150
0.999999583 0.000456974 0.000778316 -0.006046552 -0.000456569 0.999999762 -0.000520097 0.000113167 -0.000778553 0.000519742 0.999999583 -0.003919968
1.000000000 0.000112912 -0.000042623 -0.001811679 -0.000112891 0.999999881 0.000475493 -0.005567071 0.000042677 -0.000475488 0.999999881 0.000201416
0.999999821 0.000574595 0.000125079 -0.002756700 -0.000574466 0.999999285 -0.001026680 0.002685150 -0.000125669 0.001026608 0.999999464 -0.003817593
0.999999821 0.000391404 0.000386373 -0.004631528 -0.000391146 0.999999702 -0.000665353 0.001360182 -0.000386634 0.000665202 0.999999702 -0.003021995
0.999999881 0.000352928 0.000368587 -0.004181141 -0.000352778 0.999999881 -0.000405940 -0.000560602 -0.000368730 0.000405810 0.999999821 -0.002563079
0.999999762 0.000190970 0.000625374 -0.005689178 -0.000190833 0.999999940 -0.000219817 -0.001114315 -0.000625416 0.000219698 0.999999762 -0.003429957
0.999999762 0.000405977 0.000529396 -0.005127614 -0.000405642 0.999999702 -0.000632565 0.001614925 -0.000529653 0.000632350 0.999999642 -0.002565020
0.999999940 0.000213568 -0.000312744 -0.000754783 -0.000213681 0.999999940 -0.000361605 0.000881639 0.000312667 0.000361671 0.999999881 -0.002068684
0.999999702 -0.000131105 -0.000782377 0.001150970 0.000130845 0.999999940 -0.000332904 0.000654523 0.000782420 0.000332801 0.999999642 -0.000535938
0.999999881 -0.000226579 0.000489954 -0.006652003 0.000226696 0.999999940 -0.000240038 0.000017543 -0.000489900 0.000240149 0.999999881 -0.003166253
0.999999523 -0.000351456 -0.000898524 -0.000517855 0.000351180 0.999999881 -0.000307718 0.000929297 0.000898632 0.000307402 0.999999523 0.000712037
0.999999106 -0.000818278 -0.001040569 -0.001919715 0.000818128 0.999999642 -0.000144496 0.000201462 0.001040687 0.000143644 0.999999464 -0.000681415
0.999998510 -0.000662928 -0.001590580 -0.003618599 0.000662941 0.999999762 0.000007308 -0.000655211 0.001590575 -0.000008362 0.999998748 -0.001050875
0.999997139 -0.000271069 -0.002365817 0.000244783 0.000270026 0.999999881 -0.000441283 0.000906302 0.002365936 0.000440643 0.999997079 -0.001994663
0.999997914 -0.000190858 -0.002023162 -0.001762736 0.000190339 0.999999940 -0.000256644 -0.000405193 0.002023211 0.000256259 0.999997914 -0.001847407
0.999996781 -0.000103191 -0.002544361 0.001321807 0.000102557 0.999999940 -0.000249326 -0.000234642 0.002544386 0.000249064 0.999996722 -0.003276059
0.999998748 0.000115034 -0.001572337 -0.004361379 -0.000115261 1.000000000 -0.000144388 -0.000838311 0.001572321 0.000144569 0.999998748 -0.001322172
0.999998510 0.000102048 -0.001727228 -0.003799422 -0.000103271 0.999999762 -0.000707730 0.002302835 0.001727156 0.000707907 0.999998271 -0.002417589
0.999998629 0.000123767 -0.001656206 -0.004330717 -0.000124342 0.999999940 -0.000346922 0.000383785 0.001656163 0.000347127 0.999998569 -0.001507211
0.999998808 0.000001907 -0.001537511 -0.004537403 -0.000001718 1.000000000 0.000122753 -0.002225655 0.001537511 -0.000122750 0.999998808 -0.002911659
0.999998629 0.000229191 -0.001653431 -0.004471682 -0.000230553 0.999999642 -0.000823604 0.002587765 0.001653241 0.000823984 0.999998271 -0.004707157
0.999998391 -0.000217718 -0.001789305 -0.003414441 0.000217465 0.999999940 -0.000141454 -0.000475272 0.001789336 0.000141064 0.999998391 -0.001114757
0.999998391 -0.000170328 -0.001787232 -0.003357561 0.000170110 1.000000000 -0.000122349 -0.000664029 0.001787253 0.000122044 0.999998391 -0.002237043
0.999998450 0.000492815 -0.001672741 -0.004610134 -0.000494257 0.999999523 -0.000861779 0.003035149 0.001672316 0.000862604 0.999998212 -0.004482531
0.999998569 -0.000190643 -0.001688069 -0.004007366 0.000190839 1.000000000 0.000116195 -0.002344136 0.001688046 -0.000116517 0.999998569 -0.002201824
0.999998093 0.000262904 -0.001936025 -0.002573590 -0.000263274 0.999999940 -0.000190757 -0.000729088 0.001935975 0.000191266 0.999998093 -0.000334356
0.999999046 0.000369770 -0.001326957 -0.006202187 -0.000369405 0.999999881 0.000275797 -0.003444510 0.001327059 -0.000275306 0.999999106 -0.003202564
0.999997437 0.000073474 -0.002261383 -0.001068821 -0.000075350 0.999999642 -0.000829163 0.002643252 0.002261321 0.000829331 0.999997079 -0.001100157
0.999997318 0.000374867 -0.002297929 -0.000829419 -0.000375981 0.999999821 -0.000484648 0.001012066 0.002297747 0.000485510 0.999997258 -0.000343188
0.999997795 0.000172771 -0.002081016 -0.001882345 -0.000172286 0.999999940 0.000233235 -0.002760969 0.002081056 -0.000232876 0.999997795 -0.001137817
0.999998629 0.000241396 -0.001621677 -0.004289448 -0.000242429 0.999999762 -0.000636704 0.001998741 0.001621523 0.000637097 0.999998510 -0.002545788
0.999998629 0.000251507 -0.001636794 -0.004166478 -0.000251558 0.999999940 -0.000030553 -0.001031557 0.001636786 0.000030965 0.999998689 -0.003682772
0.999998391 -0.000030466 -0.001790505 -0.003173454 0.000029794 0.999999940 -0.000375679 0.000741381 0.001790516 0.000375625 0.999998331 -0.000826957
0.999998152 0.000216257 -0.001896578 -0.002566053 -0.000215885 0.999999940 0.000196331 -0.002526885 0.001896620 -0.000195921 0.999998212 -0.001511237
0.999998331 -0.000016418 -0.001832945 -0.002945263 0.000016501 1.000000000 0.000045644 -0.001694437 0.001832944 -0.000045674 0.999998331 -0.000328251
0.999998629 0.000105262 -0.001656435 -0.004324329 -0.000105809 0.999999940 -0.000330343 -0.000010510 0.001656401 0.000330518 0.999998569 -0.002399616
0.999997795 0.000160573 -0.002084275 -0.001952331 -0.000160954 1.000000000 -0.000182293 -0.000339285 0.002084246 0.000182628 0.999997795 -0.000362750
0.999997199 -0.000011782 -0.002379139 -0.000310648 0.000011409 1.000000000 -0.000156412 -0.000274059 0.002379141 0.000156384 0.999997139 -0.001221348
0.999999583 -0.000090359 -0.000936297 -0.008114116 0.000090401 1.000000000 0.000043833 -0.001463774 0.000936293 -0.000043918 0.999999583 -0.004242702
0.999999046 0.000009610 -0.001371271 -0.005661965 -0.000009177 0.999999940 0.000315870 -0.003191767 0.001371274 -0.000315857 0.999998987 -0.002228926
0.999998331 0.000153476 -0.001821372 -0.003198540 -0.000154998 0.999999642 -0.000835398 0.003273625 0.001821243 0.000835678 0.999997973 -0.001454726
0.999997854 0.000372075 -0.002024876 -0.001842897 -0.000373337 0.999999762 -0.000622924 0.002066207 0.002024644 0.000623679 0.999997735 0.000803610
0.999998391 0.000053351 -0.001801312 -0.003303731 -0.000054119 0.999999881 -0.000426206 0.000753384 0.001801290 0.000426303 0.999998271 -0.002588365
0.999998271 -0.000070749 -0.001844460 -0.003225349 0.000070005 0.999999940 -0.000403509 0.000702542 0.001844488 0.000403379 0.999998212 -0.002033099
0.999998271 0.000434994 -0.001814033 -0.002780181 -0.000435964 0.999999762 -0.000534070 0.001753753 0.001813800 0.000534860 0.999998212 -0.001860413
0.999997497 0.000114829 -0.002239654 -0.000757174 -0.000116015 0.999999881 -0.000529241 0.001820468 0.002239593 0.000529499 0.999997377 0.000845862
0.999998927 0.000182971 -0.001461239 -0.004668490 -0.000183705 0.999999881 -0.000502201 0.001583391 0.001461147 0.000502469 0.999998808 -0.003732471
0.999996722 -0.000084234 -0.002569744 0.000974561 0.000083539 0.999999940 -0.000270727 0.000350799 0.002569767 0.000270511 0.999996662 -0.001086377
0.999996364 -0.000083745 -0.002684959 0.001642832 0.000084326 1.000000000 0.000216420 -0.002006228 0.002684941 -0.000216646 0.999996364 -0.000247587
0.999997675 0.000179446 -0.002146776 -0.001427508 -0.000179860 0.999999940 -0.000192397 -0.000414641 0.002146742 0.000192783 0.999997675 -0.001801243
0.999998689 0.000139116 -0.001605689 -0.004116841 -0.000139704 0.999999940 -0.000366204 0.000260698 0.001605638 0.000366428 0.999998629 -0.002808436
0.999998748 0.000124120 -0.001578571 -0.004379959 -0.000124609 0.999999940 -0.000309193 0.000350513 0.001578532 0.000309389 0.999998689 -0.003092263
0.999998689 0.000400838 -0.001569668 -0.004618250 -0.000401333 0.999999881 -0.000314717 0.000168669 0.001569541 0.000315346 0.999998748 -0.002403031
0.999998033 -0.000277145 -0.001951909 -0.002665641 0.000277122 0.999999940 -0.000011907 -0.000835889 0.001951912 0.000011366 0.999998093 -0.000607655
0.999998808 0.000059773 -0.001559231 -0.004399140 -0.000059504 1.000000000 0.000172728 -0.002073694 0.001559241 -0.000172635 0.999998748 -0.002371992
0.999997854 -0.000277694 -0.002061321 -0.001772473 0.000278311 0.999999940 0.000299093 -0.002748261 0.002061238 -0.000299666 0.999997854 -0.002096986
0.999999642 0.000326735 -0.000770680 -0.008933816 -0.000326832 0.999999940 -0.000125685 -0.000673243 0.000770639 0.000125937 0.999999702 -0.003900382
0.999998868 -0.000034910 -0.001521816 -0.004429068 0.000035792 0.999999821 0.000579446 -0.004448520 0.001521796 -0.000579500 0.999998689 -0.001866851
0.999999106 0.000046186 -0.001325484 -0.005457146 -0.000046205 1.000000000 -0.000014392 -0.000976004 0.001325483 0.000014453 0.999999106 -0.001958772
0.999998629 0.000228314 -0.001646996 -0.003869489 -0.000228000 0.999999940 0.000191257 -0.002374904 0.001647040 -0.000190881 0.999998629 -0.001313549
0.999998450 0.000121133 -0.001765050 -0.003411909 -0.000122449 0.999999702 -0.000745698 0.002468671 0.001764959 0.000745913 0.999998152 -0.001111812
0.999999225 0.000164774 -0.001248317 -0.006729888 -0.000165006 0.999999940 -0.000185484 -0.000289911 0.001248286 0.000185690 0.999999225 -0.003764410
0.999996483 0.000356761 -0.002625745 0.001807889 -0.000357357 0.999999881 -0.000226633 -0.000123265 0.002625664 0.000227570 0.999996543 0.001309366
0.999999166 0.000326392 -0.001239278 -0.006614230 -0.000326918 0.999999881 -0.000423757 0.000575560 0.001239140 0.000424162 0.999999166 -0.004301295
0.999997616 0.000080490 -0.002169285 -0.001305364 -0.000080179 1.000000000 0.000143548 -0.001979134 0.002169297 -0.000143374 0.999997616 -0.001843284
0.999999404 0.000169821 -0.001072544 -0.007522142 -0.000170207 0.999999940 -0.000359993 -0.000006742 0.001072482 0.000360175 0.999999344 -0.004484695
0.999998808 0.000255201 -0.001537835 -0.004640322 -0.000255344 0.999999940 -0.000092905 -0.000775489 0.001537812 0.000093298 0.999998808 -0.002357644
0.999998689 0.000239905 -0.001590790 -0.004500996 -0.000239726 0.999999940 0.000112941 -0.001828989 0.001590817 -0.000112560 0.999998748 -0.002899948
0.999999285 -0.000273951 -0.001181789 -0.006441947 0.000274140 0.999999940 0.000159787 -0.002165325 0.001181745 -0.000160111 0.999999285 -0.003561461
0.999997973 0.000081154 -0.002014250 -0.002020674 -0.000081375 1.000000000 -0.000109538 -0.000680600 0.002014241 0.000109702 0.999997973 -0.001219569
0.999998987 0.000081769 -0.001406363 -0.005734185 -0.000082138 0.999999940 -0.000262444 -0.000122402 0.001406341 0.000262559 0.999998987 -0.002406532
0.999998927 0.000283331 -0.001446471 -0.005553763 -0.000283235 0.999999940 0.000066982 -0.002521857 0.001446490 -0.000066572 0.999998927 -0.003327750
0.999998450 0.000317033 -0.001722269 -0.003701885 -0.000318109 0.999999762 -0.000624249 0.001437135 0.001722071 0.000624795 0.999998331 -0.001147610
0.999998450 -0.000071411 -0.001773697 -0.003413904 0.000071255 1.000000000 -0.000087799 -0.001738959 0.001773703 0.000087673 0.999998450 -0.001180083
0.999996781 -0.000019010 -0.002539445 0.000985453 0.000019098 1.000000000 0.000034700 -0.001767385 0.002539444 -0.000034748 0.999996781 -0.001206065
0.999999344 -0.000053791 -0.001143818 -0.006605626 0.000053729 1.000000000 -0.000054250 -0.001303217 0.001143820 0.000054188 0.999999344 -0.001540090
0.999998868 -0.000095768 -0.001507231 -0.004997308 0.000096281 0.999999940 0.000340113 -0.003403070 0.001507198 -0.000340257 0.999998808 -0.001520803
0.999998689 -0.000079809 -0.001618730 -0.004600950 0.000080149 1.000000000 0.000210147 -0.003820415 0.001618713 -0.000210276 0.999998689 -0.000901325
0.999996901 0.000808490 -0.002342796 -0.000358449 -0.000811633 0.999998748 -0.001340884 0.004809924 0.002341709 0.001342781 0.999996364 -0.000331416
0.999997854 0.000068565 -0.002064640 -0.002049697 -0.000068691 1.000000000 -0.000060816 -0.001476648 0.002064636 0.000060958 0.999997854 -0.002131491
0.999994099 -0.000224873 -0.003427326 -0.001589346 0.000227504 0.999999702 0.000767372 -0.001401184 0.003427152 -0.000768147 0.999993861 -0.001359791
0.999989212 -0.000006277 -0.004649596 -0.006125306 0.000006499 1.000000000 0.000047699 -0.000645573 0.004649596 -0.000047729 0.999989212 -0.003071354
0.999831319 0.002503715 -0.018194366 -0.001571153 -0.002451521 0.999992847 0.002890435 -0.017704256 0.018201472 -0.002845343 0.999830306 0.000651639
0.999982655 0.005115471 -0.002908976 -0.016653175 -0.005153567 0.999899030 -0.013242537 0.017948112 0.002840940 0.013257300 0.999908090 -0.008610908
0.999993086 0.003099191 0.002047288 -0.009540285 -0.003100142 0.999995112 0.000461625 0.009509155 -0.002045847 -0.000467969 0.999997795 -0.006177337
0.999888599 0.001265781 0.014873322 -0.038022399 -0.001505501 0.999868989 0.016117312 -0.007586990 -0.014850972 -0.016137909 0.999759495 -0.020067526
0.999811709 0.002619420 0.019226063 -0.024304150 -0.003263521 0.999431789 0.033546884 -0.002775620 -0.019127266 -0.033603314 0.999252200 -0.010253173
0.999722898 0.006144515 0.022724736 -0.010607161 -0.007026659 0.999216676 0.038944777 0.021396061 -0.022467637 -0.039093662 0.998982906 -0.002495290
0.999518454 0.002338433 0.030942306 -0.025727365 -0.003958844 0.998617709 0.052411657 -0.000416532 -0.030776974 -0.052508913 0.998146057 -0.008129631
0.999460340 0.008160823 0.031819403 -0.015529841 -0.010239759 0.997784913 0.065729909 -0.002950602 -0.031212511 -0.066020258 0.997330010 -0.000185168
0.999083400 0.014796066 0.040168077 -0.022221573 -0.017965173 0.996655524 0.079718158 0.003390601 -0.038854223 -0.080366716 0.996007800 -0.001492449
0.999110043 0.012157909 0.040388905 -0.002775039 -0.015715890 0.995909572 0.088978045 0.004740565 -0.039141912 -0.089533605 0.995214343 0.007942291
0.998809755 0.014553579 0.046554428 -0.013311961 -0.018915614 0.995328605 0.094674297 0.003190841 -0.044959102 -0.095442213 0.994419158 0.003052776
0.998595893 0.015651695 0.050609395 -0.017696518 -0.020846847 0.994378448 0.103812084 0.007486154 -0.048700057 -0.104721360 0.993308485 0.002647880
0.998339653 0.017705992 0.054813210 -0.005080794 -0.023884520 0.993170381 0.114202350 -0.000347179 -0.052416790 -0.115321919 0.991944194 0.011346844
0.998229861 0.015624535 0.057384904 -0.003830486 -0.022456564 0.992469788 0.120413788 -0.004076662 -0.055071373 -0.121489301 0.991063833 0.013742631
0.998113036 0.015037566 0.059533413 -0.002425939 -0.022054305 0.992646813 0.119020499 -0.001833247 -0.057305876 -0.120108880 0.991105378 0.019235527
0.997331083 0.017960904 0.070767917 -0.055011347 -0.026953703 0.991375923 0.128246784 -0.001471616 -0.067854181 -0.129811957 0.989214182 -0.002231269
0.997042716 0.018668903 0.074548990 -0.055173043 -0.028765682 0.990187228 0.136754394 -0.001740050 -0.071264394 -0.138494447 0.987795889 -0.001812821
0.996722639 0.017799383 0.078913197 -0.055943239 -0.029097853 0.989087224 0.144428909 -0.001474894 -0.075481288 -0.146251768 0.986363530 0.000304331
0.996570945 0.016323049 0.081117116 -0.055503376 -0.028579451 0.987918198 0.152318254 -0.001119690 -0.077650778 -0.154114217 0.984997094 0.000463724
0.996396244 0.014411425 0.083587602 -0.056060899 -0.028253915 0.985573411 0.166873783 -0.002120474 -0.079976827 -0.168634102 0.982428789 0.000466070
0.996283889 0.012450787 0.085225850 -0.048386909 -0.027538648 0.983603716 0.178228498 -0.003828486 -0.081609368 -0.179913193 0.980291367 0.005618591
0.996065974 0.011554625 0.087858148 -0.047962967 -0.028161269 0.981339514 0.190209731 -0.003921790 -0.084020868 -0.191935658 0.977804303 0.008310852
0.995870233 0.009850497 0.090252176 -0.057572082 -0.027564129 0.979977250 0.197192296 0.000745023 -0.086502619 -0.198865637 0.976201713 0.006186964
0.995921552 0.006551527 0.089985266 -0.055953499 -0.025243541 0.977760911 0.208198056 -0.001459013 -0.086620055 -0.209620520 0.973938584 0.008956566
0.995894074 0.003889063 0.090443090 -0.053682104 -0.023550035 0.975808263 0.217356071 -0.000478819 -0.087409802 -0.218593583 0.971893251 0.009069580
0.995795131 0.002922262 0.091561615 -0.055099927 -0.023674067 0.973748088 0.226393655 0.001466471 -0.088496372 -0.227609366 0.969722867 0.010066004
0.995969713 0.001841963 0.089671567 -0.053529903 -0.023062002 0.971432745 0.236191988 -0.001462443 -0.086674847 -0.237308115 0.967560053 0.012795961
0.996123433 0.001345983 0.087955944 -0.052612968 -0.023207741 0.968478680 0.248013049 -0.003096047 -0.084849626 -0.249092862 0.964755654 0.014913047
0.996046543 0.001321033 0.088823318 -0.051182419 -0.023830146 0.967214227 0.252841413 -0.000877972 -0.085577153 -0.253958493 0.963421941 0.017100777
0.996114850 0.003452934 0.087996162 -0.052212875 -0.026186017 0.965647340 0.258533537 -0.002193380 -0.084080562 -0.259833395 0.961986065 0.015315608
0.996029496 0.004040216 0.088931218 -0.054229416 -0.027443439 0.964252710 0.263559729 -0.000510430 -0.084687315 -0.264953882 0.960535049 0.014024263
0.996049166 0.003711720 0.088725850 -0.052790575 -0.027685028 0.962310851 0.270539194 -0.001622923 -0.084377676 -0.271926701 0.958611667 0.017308230
0.996154547 0.003156426 0.087556690 -0.053198107 -0.027219763 0.961047411 0.275040299 0.000441428 -0.083277971 -0.276365936 0.957437575 0.017542766
0.996141732 0.003308655 0.087696023 -0.052622259 -0.027567819 0.960501730 0.276905179 0.000371889 -0.083316006 -0.278254420 0.956887186 0.017478012
0.996454716 0.004072255 0.084033042 -0.047069550 -0.027919848 0.958229363 0.284634560 -0.001086296 -0.079363830 -0.285971612 0.954945922 0.022198495
0.996295869 0.003575147 0.085917629 -0.054005258 -0.028271984 0.957210124 0.288009495 0.000335683 -0.081211545 -0.289371699 0.953765571 0.017112100
0.996388674 0.005278288 0.084745601 -0.048676312 -0.029962365 0.955718279 0.292753845 -0.001108667 -0.079447679 -0.294235796 0.952425063 0.020155093
0.996285856 0.005923870 0.085903570 -0.052970063 -0.031243138 0.954513431 0.296526462 -0.003363323 -0.080239512 -0.298109084 0.951153278 0.018978197
0.996151388 0.006498111 0.087408207 -0.056812022 -0.032752331 0.952604055 0.302444786 0.000946433 -0.081300072 -0.304143637 0.949150622 0.016985578
0.996093988 0.009347523 0.087802961 -0.052659582 -0.036772553 0.947962463 0.316251606 -0.000060599 -0.080277726 -0.318245053 0.944603443 0.020160114
0.995945871 0.008712879 0.089531884 -0.053487744 -0.037284508 0.945762515 0.322712362 -0.000777973 -0.081864126 -0.324742198 0.942253053 0.021681949
0.995839596 0.008028629 0.090769462 -0.051098168 -0.037646484 0.943376601 0.329580396 0.000197856 -0.082983717 -0.331626326 0.939754069 0.022629121
0.995630026 0.006644476 0.093149297 -0.053115048 -0.037685290 0.941228569 0.335661501 -0.002367365 -0.085444465 -0.337705046 0.937365770 0.022673402
0.995628476 0.006243580 0.093193375 -0.053954974 -0.038131658 0.937998235 0.344536334 -0.001645887 -0.085264072 -0.346583784 0.934135854 0.022622747
0.995721042 0.007974451 0.092066213 -0.050956257 -0.039960481 0.935463548 0.351156831 -0.004885829 -0.083324306 -0.353333265 0.931779325 0.025495889
0.995548427 0.012573465 0.093409777 -0.053949602 -0.045185957 0.933414578 0.355943024 0.002252084 -0.082714595 -0.358579397 0.929827511 0.022562390
0.995493948 0.020635610 0.092553847 -0.054597653 -0.053378064 0.928659081 0.367073596 0.000910521 -0.078376189 -0.370359898 0.925575912 0.024343077
0.995431602 0.026981648 0.091585770 -0.054600753 -0.059544191 0.925278783 0.374584705 -0.000921565 -0.074635461 -0.378326803 0.922658324 0.026186749
0.995463848 0.031736553 0.089691073 -0.053432345 -0.063621663 0.922988713 0.379531473 -0.001412045 -0.070738822 -0.383516163 0.920821011 0.028907001
0.995426774 0.032623809 0.089784391 -0.056237306 -0.064582735 0.922370613 0.380869478 0.002386735 -0.070389070 -0.384926140 0.920259356 0.025625432
0.995486259 0.037671275 0.087108381 -0.053697940 -0.068931393 0.917889833 0.390802532 0.001194259 -0.065233864 -0.395043075 0.916343510 0.028842952
0.995392978 0.043002415 0.085695028 -0.056721158 -0.073641583 0.915245771 0.396108508 0.004581051 -0.061398391 -0.400594354 0.914196074 0.026633969
0.995587766 0.045426015 0.082106531 -0.055618577 -0.074887298 0.911892295 0.403539538 0.005317618 -0.056541126 -0.407907784 0.911270738 0.027419420
0.995725155 0.048442222 0.078643478 -0.062876262 -0.076616138 0.908722878 0.410308123 0.003297400 -0.051588889 -0.414579451 0.908549666 0.028125316
0.996280730 0.057778817 0.063923553 -0.065258026 -0.079442687 0.903223038 0.421754718 0.006852699 -0.033368729 -0.425264299 0.904453814 0.024904568
0.996566355 0.059927154 0.057134587 -0.057364263 -0.078694828 0.900082946 0.428553253 0.002604533 -0.025743896 -0.431577861 0.901708245 0.029205142
0.997043431 0.059666451 0.048418824 -0.056864526 -0.074765086 0.898751736 0.432036638 0.000747902 -0.017738407 -0.434379309 0.900555372 0.030837497
0.997658014 0.056559592 0.038465813 -0.060093116 -0.067645296 0.899175167 0.432328939 -0.000591766 -0.010135151 -0.433918417 0.900895119 0.031888500
0.998074472 0.057641838 0.022905463 -0.057613470 -0.061848864 0.896975100 0.437733501 0.001705676 0.004686133 -0.438307315 0.898812950 0.028162051
0.998105228 0.058602512 0.018754801 -0.056430068 -0.060860936 0.895423889 0.441035211 0.002035310 0.009052276 -0.441340923 0.897293866 0.028673697
0.998057306 0.061074153 0.012309597 -0.057914440 -0.060135253 0.892694354 0.446632475 0.004177641 0.016288994 -0.446505070 0.894632816 0.028916024
0.997857630 0.065409325 -0.001309563 -0.056343313 -0.057544280 0.887042940 0.458086610 0.003501527 0.031124787 -0.457029849 0.888906598 0.030253550
0.997756600 0.066305563 -0.009233986 -0.051365409 -0.054434266 0.883826256 0.464637429 0.001490979 0.038969286 -0.463092387 0.885452867 0.033189308
0.997609019 0.068076447 -0.011909150 -0.059481084 -0.054587889 0.881871045 0.468319923 0.001162577 0.042383887 -0.466550022 0.883478761 0.033643946
0.997168243 0.070155308 -0.027086928 -0.050160930 -0.049113639 0.880286038 0.471894413 0.004098997 0.056950148 -0.469227850 0.881238878 0.032992437
0.996948838 0.071766332 -0.030698171 -0.053894173 -0.048613787 0.878565490 0.475141317 0.004562403 0.061069511 -0.472199291 0.879373848 0.031226620
0.996893585 0.070965633 -0.034160756 -0.054734897 -0.046016697 0.876815557 0.478619754 0.002871445 0.063918233 -0.475561082 0.877357423 0.032498639
0.996712029 0.068543330 -0.043207739 -0.049024999 -0.039099514 0.873943806 0.484451652 0.002401149 0.070967063 -0.481169373 0.873750329 0.033318430
0.996534705 0.068417057 -0.047304526 -0.055176247 -0.036448244 0.870386600 0.491017967 0.001609569 0.074767239 -0.487592220 0.869864225 0.032894667
0.996091068 0.068986431 -0.055167686 -0.048286792 -0.032530360 0.867144346 0.496993482 0.002348172 0.082124151 -0.493256062 0.865998864 0.034599934
0.996154785 0.069249548 -0.053666715 -0.053337775 -0.033139959 0.864884615 0.500875473 0.005350014 0.081100918 -0.497170925 0.863853931 0.034150641
0.995842993 0.067539155 -0.061115585 -0.050652519 -0.027272014 0.861271024 0.507413626 0.000900790 0.086907372 -0.503637493 0.859532714 0.033196885
0.995689154 0.066249356 -0.064915992 -0.049340989 -0.023395669 0.856637776 0.515387654 0.006355847 0.089753583 -0.511647224 0.854494870 0.031820901
0.995573223 0.065855406 -0.067059614 -0.048334595 -0.020934347 0.850932062 0.524858356 0.001921813 0.091627933 -0.521131039 0.848543882 0.036649447
0.995196044 0.068218917 -0.070221685 -0.055947516 -0.020755833 0.847973168 0.529632509 0.002676029 0.095677055 -0.525630593 0.845315516 0.032389332
0.994729996 0.066609040 -0.077945381 -0.048219837 -0.014715767 0.845107198 0.534394264 0.002335375 0.101467684 -0.530430973 0.841633677 0.035839982
0.994400501 0.065669261 -0.082796358 -0.048785962 -0.010586995 0.841447413 0.540235341 0.004501413 0.105145633 -0.536333680 0.837430894 0.036097087
0.994165182 0.066268288 -0.085112199 -0.045758892 -0.009207272 0.838290811 0.545145571 0.004235686 0.107474633 -0.541181087 0.834009707 0.038158417
0.993660569 0.069472603 -0.088386886 -0.047136862 -0.009295111 0.834284782 0.551255465 0.003961816 0.112036988 -0.546939254 0.829641640 0.036789000
0.993480504 0.069310278 -0.090512708 -0.046995327 -0.007351723 0.831255496 0.555841982 0.004049599 0.113764741 -0.551552773 0.826345682 0.038857371
0.993315220 0.069929376 -0.091841370 -0.045889605 -0.006863570 0.829991221 0.557734251 0.002181018 0.115229540 -0.553375542 0.824922800 0.039652821
0.993069828 0.072034277 -0.092861451 -0.043734383 -0.007724994 0.828440368 0.560024083 0.002125637 0.117271096 -0.555425644 0.823255599 0.039969645
0.993025064 0.072293177 -0.093138903 -0.046528526 -0.007532144 0.827244997 0.561790764 0.005005966 0.117662348 -0.557170689 0.822019577 0.038654871
0.992473900 0.074190393 -0.097423367 -0.045126326 -0.005915120 0.823693216 0.567004919 0.003730622 0.122313283 -0.562161267 0.817932844 0.039207146
0.992426813 0.074242972 -0.097861931 -0.049209256 -0.005187117 0.821298480 0.570475280 0.003757943 0.122727633 -0.565647364 0.815463662 0.039241668
0.991979599 0.074407630 -0.102175854 -0.045805890 -0.002596902 0.820194483 0.572078943 0.003346726 0.126371115 -0.567225277 0.813809454 0.040980600
0.991720498 0.073882617 -0.105032958 -0.046411250 -0.000091147 0.818319082 0.574764132 0.003161697 0.128415555 -0.569995761 0.811550498 0.040545434
0.991380155 0.074084528 -0.108059704 -0.045610502 0.002020981 0.816031754 0.578003466 0.003895511 0.131001249 -0.573239565 0.808847964 0.039946172
0.991387725 0.073429711 -0.108435772 -0.047018975 0.003152431 0.814392686 0.580305696 0.007098771 0.130920961 -0.575649738 0.807147443 0.039045624
0.991467953 0.071906433 -0.108723447 -0.045908693 0.005180610 0.811687648 0.584068775 0.007315546 0.130247757 -0.579648733 0.804389775 0.039940670
0.991198540 0.072880574 -0.110515602 -0.045416065 0.006959554 0.804975092 0.593267798 0.007908142 0.132199988 -0.588815391 0.797382891 0.040086694
0.991301894 0.070758924 -0.110966437 -0.043406721 0.010372095 0.798538566 0.601854205 0.010346127 0.131197542 -0.597770274 0.790858984 0.040869255
0.991638184 0.067732245 -0.109845370 -0.043079019 0.013285663 0.793085515 0.608965397 0.008784723 0.128363371 -0.605332792 0.785553992 0.042345289
0.992239594 0.062254120 -0.107633382 -0.042841736 0.017163621 0.788773000 0.614444911 0.005870269 0.123150036 -0.611524045 0.781583250 0.045101110
0.992544532 0.055560667 -0.108481966 -0.042622231 0.024038740 0.783333898 0.621136129 0.005835793 0.119488351 -0.619113147 0.776158154 0.047538400
0.992903471 0.051124882 -0.107372388 -0.044045012 0.027275948 0.780905604 0.624053240 0.003828459 0.115752354 -0.622553468 0.773969352 0.047701027
0.993018091 0.047523521 -0.107965507 -0.042550795 0.030674545 0.779740155 0.625351369 0.003860570 0.113903932 -0.624297082 0.772838295 0.047654178
0.993161440 0.041982338 -0.108939171 -0.042607956 0.036158200 0.776619673 0.628931105 0.002634187 0.111008294 -0.628569305 0.769790769 0.049669385
0.993281126 0.036750566 -0.109735608 -0.041685116 0.040891975 0.775607884 0.629889131 0.003932083 0.108260579 -0.630144298 0.768893838 0.050099269
0.993560255 0.033163719 -0.108342372 -0.043462269 0.042968228 0.774496615 0.631116986 0.001840288 0.104840972 -0.631708205 0.768084049 0.050183259
0.993450344 0.029313879 -0.110440485 -0.043617819 0.047467262 0.773314774 0.632242978 0.001744262 0.103938766 -0.633344352 0.766858280 0.051582351
0.993255436 0.026017386 -0.112990089 -0.041997712 0.051883593 0.771757483 0.633796871 0.001649220 0.103690669 -0.635384619 0.765202403 0.050790012
0.992933452 0.026250627 -0.115733340 -0.041791838 0.053608000 0.770838618 0.634770930 0.001478807 0.105874844 -0.636489570 0.763984025 0.050389923
0.992464244 0.030424699 -0.118697606 -0.043699570 0.052910693 0.767317414 0.639080882 0.002720033 0.110522591 -0.640545309 0.759925246 0.049461797
0.991825044 0.034858748 -0.122751445 -0.042037882 0.052708548 0.764148116 0.642883718 0.004035050 0.116210386 -0.644098282 0.756063879 0.049197696
0.991415560 0.042457651 -0.123662129 -0.043200608 0.048464980 0.759094059 0.649174392 0.006757775 0.121433601 -0.649594963 0.750519931 0.046670128
0.991513252 0.041208573 -0.123301014 -0.043152023 0.049845167 0.755451798 0.653305531 0.005920984 0.120069750 -0.653907120 0.746986389 0.048887417
0.991361678 0.040968381 -0.124593288 -0.042880572 0.051623892 0.751394153 0.657831132 0.005684519 0.120568931 -0.658580661 0.742788374 0.050003394
0.991177082 0.042116150 -0.125675246 -0.046865597 0.052528165 0.745720685 0.664184749 0.004107751 0.121691547 -0.664926231 0.736928880 0.048073635
0.990560949 0.040426955 -0.130975917 -0.040968917 0.057981405 0.742249012 0.667611122 0.003592312 0.124206223 -0.668903768 0.732898712 0.053005680
0.990265489 0.045072310 -0.131691366 -0.042300221 0.055821821 0.738100529 0.672377527 0.007827149 0.127507076 -0.673183620 0.728399456 0.050598267
0.990345359 0.046703909 -0.130517155 -0.045520533 0.054629274 0.733845413 0.677116394 0.005617806 0.127403378 -0.677709222 0.724208951 0.050643355
0.989505112 0.051204175 -0.135121018 -0.045655571 0.055521153 0.728596568 0.682689190 0.005219966 0.133405223 -0.683026612 0.718106985 0.051496666
0.989055097 0.051413905 -0.138298899 -0.045876846 0.058115408 0.725804865 0.685441434 0.004576026 0.135619223 -0.685976684 0.714872956 0.051336046
0.988141835 0.049916025 -0.145203456 -0.040044386 0.064926952 0.721135974 0.689744473 0.003414248 0.139140740 -0.690993011 0.709343731 0.056176957
0.988324881 0.047459312 -0.144780919 -0.038599283 0.067127816 0.717412949 0.693406582 0.017728895 0.136776268 -0.695029676 0.705851316 0.050722990
0.989098430 0.048015963 -0.139207423 -0.042454742 0.065728553 0.701988995 0.709148169 0.010151140 0.131772503 -0.710567176 0.691180289 0.057971030
0.988777101 0.046601739 -0.141944081 -0.038538214 0.069395989 0.698119819 0.712609947 0.004840393 0.132302821 -0.714462817 0.687050760 0.060329210
0.988704205 0.043717880 -0.143362403 -0.037850682 0.072167717 0.699470401 0.711008489 0.005504081 0.131361529 -0.713323236 0.688414216 0.060000390
0.988754511 0.041537557 -0.143662930 -0.035815395 0.073714919 0.700467229 0.709867537 0.007553888 0.130117327 -0.712474883 0.689528167 0.058264725
0.989209831 0.038340203 -0.141399920 -0.034603391 0.074989475 0.696628273 0.713502467 0.006249747 0.125859007 -0.716407120 0.686236322 0.060313351
0.989870429 0.038717300 -0.136592448 -0.036884382 0.072094843 0.691740692 0.718538225 0.005327614 0.122306399 -0.721107364 0.681942344 0.060828239
0.990862846 0.035250142 -0.130184948 -0.041193008 0.070705973 0.686207533 0.723961174 0.011023147 0.114853635 -0.726551116 0.677445292 0.060240403
0.991171777 0.037197769 -0.127258569 -0.040479325 0.068357579 0.679052174 0.730900407 0.010089146 0.113603070 -0.733147025 0.670514643 0.063735850
0.991328418 0.034020793 -0.126927227 -0.033320051 0.070891082 0.674837410 0.734553635 0.008739408 0.110645324 -0.737181842 0.666573703 0.064124919
0.992603123 0.030986615 -0.117383189 -0.040902857 0.066367134 0.671123683 0.738368750 0.010933043 0.101658195 -0.740697503 0.664103031 0.064102381
0.992879450 0.027294870 -0.115954429 -0.034609277 0.068622731 0.664604902 0.744037211 0.009294854 0.097372279 -0.746696293 0.657999396 0.066200800
0.993275762 0.027670387 -0.112417027 -0.034672059 0.066415474 0.659155786 0.749067903 0.007305387 0.094827324 -0.751497209 0.652885735 0.068559691
0.993466794 0.031790279 -0.109605104 -0.034540344 0.062285960 0.653718352 0.754170358 0.007328081 0.095626146 -0.756069958 0.647467375 0.070546359
0.994125485 0.036323719 -0.101956449 -0.040478520 0.053824235 0.651348889 0.756866932 0.012801553 0.093901455 -0.757908463 0.645567536 0.066092372
0.994356215 0.038231954 -0.098964773 -0.037735496 0.050949465 0.646125257 0.761528909 0.013847296 0.093058378 -0.762273252 0.640530705 0.067176357
0.994695067 0.036961861 -0.095998526 -0.037551094 0.050071489 0.641233742 0.765710294 0.007907607 0.089859568 -0.766454995 0.635981202 0.071392603
0.994468868 0.040622998 -0.096857704 -0.036438063 0.048585381 0.639660299 0.767120779 0.011675510 0.093118772 -0.767583668 0.634148419 0.069989026
0.994427919 0.044760436 -0.095444687 -0.038444489 0.045189455 0.636986077 0.769549668 0.011970989 0.095242314 -0.769574761 0.631413996 0.067212984
0.994707406 0.047215234 -0.091257654 -0.042645674 0.040720221 0.634290457 0.772021711 0.015655741 0.094335057 -0.771651685 0.629010916 0.065505080
0.994839251 0.048580658 -0.089078069 -0.041422997 0.039349705 0.624488056 0.780042470 0.014635436 0.093523167 -0.779522002 0.619353652 0.070851468
0.994996727 0.048901550 -0.087122768 -0.042718049 0.037987113 0.621360779 0.782603204 0.013623680 0.092405178 -0.781997085 0.616394281 0.070236824
0.995029390 0.052191228 -0.084808514 -0.043703478 0.034729004 0.616307318 0.786739588 0.014126697 0.093329012 -0.785774469 0.611431360 0.071378142
0.994887590 0.054036308 -0.085316680 -0.041943934 0.034401987 0.612941384 0.789379060 0.015998211 0.094949245 -0.788278520 0.607948840 0.070503555
0.995024323 0.055931121 -0.082452029 -0.042569056 0.031705149 0.606789887 0.794229686 0.016384734 0.094453216 -0.792891920 0.601997495 0.071468815
0.995218158 0.056573804 -0.079625465 -0.046860002 0.029523786 0.602831960 0.797321677 0.014992012 0.093108296 -0.795859933 0.598279119 0.071570769
0.995177627 0.056006201 -0.080529600 -0.044197299 0.030946111 0.599784136 0.799563169 0.015432332 0.093080871 -0.798199475 0.595158577 0.073258750
0.994978547 0.059326120 -0.080611482 -0.044118527 0.029437406 0.596321225 0.802205920 0.016220763 0.095662102 -0.800550580 0.591580451 0.072675735
0.994907618 0.061197180 -0.080086187 -0.043766484 0.028558584 0.590850413 0.806275487 0.017012483 0.096660741 -0.804456890 0.586093843 0.073025383
0.994909823 0.062118333 -0.079345085 -0.043714449 0.027865989 0.587092459 0.809040129 0.017387103 0.096839122 -0.807133079 0.582373142 0.073199891
0.994832575 0.064328834 -0.078548893 -0.042784505 0.026786460 0.579948843 0.814212382 0.017283009 0.097931668 -0.812109113 0.575228870 0.075857863
0.994895637 0.064275995 -0.077790298 -0.042974684 0.026645796 0.576193929 0.816878498 0.016430574 0.097327985 -0.814781666 0.571540236 0.076602407
0.995066047 0.063932657 -0.075870283 -0.044249769 0.025610069 0.573276818 0.818961382 0.017466342 0.095853046 -0.816863716 0.568811119 0.074543625
0.995104551 0.065560967 -0.073950835 -0.044971511 0.023786515 0.567395568 0.823101699 0.017895838 0.095922723 -0.820831299 0.563058436 0.076490507
0.994573891 0.069161914 -0.077714488 -0.042530637 0.025334181 0.563512564 0.825718880 0.019919273 0.100901403 -0.823207259 0.558702767 0.076034255
0.994754851 0.070622750 -0.073995709 -0.043749198 0.022223940 0.556901157 0.830281377 0.022645125 0.099845044 -0.827570915 0.552410662 0.073688172
0.994620025 0.073520236 -0.072977826 -0.043110542 0.021115169 0.545807421 0.837644577 0.020594316 0.101415649 -0.834679067 0.541318655 0.078355029
0.994741559 0.073108345 -0.071725264 -0.043952644 0.020797770 0.541537285 0.840419352 0.020166976 0.100283578 -0.837491810 0.537169218 0.079092048
0.994447768 0.074669853 -0.074148275 -0.041363679 0.023088638 0.532630444 0.846032917 0.021146024 0.102666788 -0.843047559 0.527949154 0.080582112
0.994436622 0.077419959 -0.071427688 -0.043727357 0.019585032 0.530374289 0.847537279 0.024567852 0.103499711 -0.844221056 0.525907457 0.077087924
0.993979275 0.081767626 -0.072933257 -0.038516734 0.019184504 0.525480092 0.850589514 0.028041339 0.107875675 -0.846867561 0.520747781 0.073031917
0.994516611 0.082403630 -0.064392947 -0.046123832 0.013419760 0.510086119 0.860018671 0.022640204 0.103714593 -0.856167018 0.506183386 0.083146505
0.994524956 0.080983229 -0.066044539 -0.042741138 0.015583762 0.510005116 0.860030174 0.024500879 0.103331074 -0.856350720 0.505950809 0.082665756
0.994329929 0.084881164 -0.064056143 -0.043322232 0.012416874 0.505579412 0.862690628 0.026104700 0.105611652 -0.858594596 0.501658797 0.080556281
0.994451880 0.084250398 -0.062987216 -0.042911127 0.011989666 0.504096627 0.863564014 0.027280092 0.104507260 -0.859528005 0.500289798 0.080775738
0.994614601 0.084542617 -0.059953507 -0.043660093 0.009534166 0.501375437 0.865177274 0.026313048 0.103203572 -0.861089587 0.497869372 0.082393818
0.994588137 0.085467502 -0.059074633 -0.042446371 0.008688209 0.498180807 0.867029667 0.028921289 0.103532702 -0.862850666 0.494742155 0.081886746
0.994489849 0.088635325 -0.055979379 -0.043358006 0.005093589 0.492502332 0.870296240 0.031194655 0.104708970 -0.865785837 0.489337206 0.080818631
0.994545758 0.088113599 -0.055810891 -0.039587867 0.005885947 0.486824483 0.873480082 0.031230714 0.104135580 -0.869044304 0.483650565 0.080205485
0.994592667 0.090303384 -0.051291350 -0.043919265 0.002129935 0.476042122 0.879419923 0.030130615 0.103831433 -0.874773800 0.473275691 0.084245011
0.994407356 0.093242630 -0.049597453 -0.043952465 -0.000319210 0.472266525 0.881455719 0.031448673 0.105612464 -0.876510262 0.469655097 0.083620220
0.993818343 0.096528061 -0.054841697 -0.033150155 0.003664347 0.465193748 0.885201275 0.037683178 0.110958777 -0.879930258 0.461964339 0.077781498
0.994272172 0.098525822 -0.041419633 -0.042625349 -0.006180064 0.439891934 0.898029387 0.034091797 0.106699251 -0.892629683 0.437981188 0.088526368
0.994263291 0.098186344 -0.042426363 -0.039388198 -0.004906848 0.438107282 0.898909271 0.037926055 0.106847912 -0.893544316 0.436075777 0.086911276
0.994562864 0.095858812 -0.040692776 -0.038465325 -0.005186950 0.435870469 0.899994373 0.039337907 0.104009181 -0.894890010 0.433997840 0.085150987
0.994744182 0.095753267 -0.036267709 -0.039665736 -0.008108622 0.426762313 0.904327452 0.040652346 0.102069989 -0.899280429 0.425295860 0.085435554
0.995044112 0.094517037 -0.030884167 -0.041605569 -0.010948827 0.412854105 0.910731316 0.038459588 0.098830283 -0.905879736 0.411842883 0.092601359
0.995160997 0.094162285 -0.028071404 -0.044261277 -0.012751239 0.407039404 0.913321555 0.034260273 0.097426616 -0.908544123 0.406270415 0.095886946
0.994977772 0.096566319 -0.026348682 -0.043991659 -0.015017939 0.404269487 0.914516568 0.039252590 0.098963484 -0.909528017 0.403689414 0.092162289
0.995057523 0.095818058 -0.026067374 -0.042133756 -0.013957907 0.394865632 0.918632865 0.035972778 0.098314717 -0.913728595 0.394251466 0.097775444
0.995099545 0.094780535 -0.028172025 -0.039311245 -0.011991012 0.398485780 0.917096078 0.042287815 0.098148994 -0.912264049 0.397669584 0.091932260
0.995186210 0.094647229 -0.025423381 -0.040360816 -0.013191901 0.386429280 0.922224581 0.037392121 0.097110346 -0.917449892 0.385817766 0.098340280
0.995191514 0.095144048 -0.023269977 -0.038977392 -0.014851167 0.381400347 0.924290597 0.042073466 0.096815921 -0.919500709 0.380979419 0.094617210
0.995380938 0.094389856 -0.017535765 -0.045292638 -0.019299367 0.375656009 0.926558197 0.040421259 0.094045110 -0.921939909 0.375742584 0.096179709
0.995342493 0.094672926 -0.018173542 -0.041361921 -0.018821901 0.375742316 0.926533043 0.045965374 0.094546139 -0.921875715 0.375774264 0.091880560
0.995248377 0.095425077 -0.019359717 -0.037092313 -0.016496236 0.361201853 0.932341695 0.040937908 0.095961541 -0.927592218 0.361059725 0.102336690
0.995860875 0.089979917 -0.012833412 -0.042605467 -0.020702399 0.362042695 0.931931555 0.041997522 0.088501371 -0.927808642 0.362407029 0.101388440
0.995728910 0.091542348 -0.012004763 -0.040097352 -0.021919435 0.360700279 0.932424188 0.045612294 0.089686416 -0.928178549 0.361166239 0.097834669
0.995781600 0.090627328 -0.014346161 -0.036938153 -0.019077269 0.357425004 0.933746934 0.045356825 0.089750670 -0.929534316 0.357646197 0.100691751
0.995788991 0.091189913 -0.009416949 -0.039847977 -0.023504624 0.353248477 0.935234249 0.046998970 0.088610448 -0.931074619 0.353904337 0.097918607
0.995752990 0.091962732 -0.004339302 -0.043051548 -0.027540211 0.342511833 0.939109743 0.043342989 0.087849356 -0.935001969 0.343589902 0.102853000
0.995643258 0.093180262 -0.003456128 -0.042303812 -0.028537728 0.339797199 0.940065622 0.048247259 0.088769943 -0.935871422 0.340975940 0.098937705
0.995294273 0.096822158 0.003849851 -0.045431122 -0.035369743 0.326023966 0.944699645 0.051687229 0.090212710 -0.940390289 0.327914327 0.099172227
0.995645583 0.092884243 0.007895474 -0.048862159 -0.036985654 0.315866798 0.948082387 0.050296124 0.085567988 -0.944246173 0.317926735 0.108555518
0.995502472 0.094386071 0.008130789 -0.048643097 -0.037704054 0.316004544 0.948008180 0.051240474 0.086909406 -0.944051087 0.318142027 0.104201749
0.995579779 0.093337454 0.010444181 -0.048101276 -0.039241187 0.312356889 0.949154079 0.052225269 0.085329309 -0.945368409 0.314638823 0.099283874
0.995632470 0.092714816 0.010952110 -0.048348345 -0.038623344 0.302253485 0.952444792 0.051795673 0.084995426 -0.948707998 0.304514289 0.106945753
0.995605648 0.092652462 0.013594252 -0.048757270 -0.040635273 0.296659023 0.954118490 0.053128846 0.084368564 -0.950478435 0.299120337 0.105381928
0.995362639 0.095039159 0.014855478 -0.047727682 -0.041933686 0.289717585 0.956193149 0.054829437 0.086571895 -0.952381968 0.292359412 0.103040352
0.995407701 0.094443277 0.015620639 -0.047366608 -0.041777715 0.281781942 0.958568513 0.053675205 0.086128727 -0.954819083 0.284433544 0.108351231
0.995653927 0.091630638 0.016643014 -0.047538035 -0.041663025 0.278422982 0.959554434 0.053639859 0.083290786 -0.956077754 0.281030566 0.111393154
0.995666623 0.091477990 0.016727673 -0.048059456 -0.041510671 0.276230037 0.960194707 0.053318080 0.083215997 -0.956728280 0.278830320 0.113790952
0.995793402 0.090165578 0.016303329 -0.047692932 -0.040698659 0.275833219 0.960343480 0.054012921 0.082092926 -0.956967235 0.278342456 0.113515452
0.995756328 0.090363994 0.017425187 -0.048679918 -0.041958254 0.277257890 0.959878862 0.053873163 0.081907228 -0.956536710 0.279872775 0.111821987
0.995820999 0.090137273 0.014693512 -0.047007110 -0.039115917 0.275575042 0.960483313 0.053196069 0.082526162 -0.957044303 0.277949154 0.114777163
0.995723546 0.090946853 0.016223751 -0.049403757 -0.040998980 0.277656764 0.959805131 0.053373288 0.082786620 -0.956365824 0.280198067 0.113772638
0.995719969 0.091460459 0.013288431 -0.047499862 -0.038394354 0.278566241 0.959649265 0.052623089 0.084068246 -0.956052303 0.280885518 0.116958670
0.995498776 0.093923055 0.012671217 -0.048986968 -0.038949084 0.283558369 0.958163679 0.052588277 0.086400621 -0.954344332 0.285940230 0.114889786
0.995251119 0.097201169 0.005206020 -0.045659050 -0.033329166 0.290034264 0.956435740 0.052054871 0.091456734 -0.952067316 0.291896492 0.113596231
0.995122910 0.098411784 0.006744658 -0.049796097 -0.035481621 0.293308407 0.955359221 0.052342154 0.092040330 -0.950939238 0.295369744 0.111362882
0.994873345 0.101091489 0.002729661 -0.050300393 -0.032601614 0.295058131 0.954922915 0.050835095 0.095729165 -0.950116456 0.296841204 0.113063827
0.994096756 0.108382352 -0.004981761 -0.051069409 -0.028189197 0.302349240 0.952780306 0.050255191 0.104770787 -0.947015464 0.303619593 0.112632975
0.993815362 0.110706381 -0.008665631 -0.052431379 -0.026164185 0.309286535 0.950608969 0.050028697 0.107918635 -0.944503009 0.310270250 0.109903462
0.993319035 0.114219137 -0.016474256 -0.050779641 -0.020205526 0.312689751 0.949640334 0.049210247 0.113618441 -0.942963064 0.312908471 0.109849840
0.992596626 0.118599497 -0.026194932 -0.052434966 -0.013225098 0.319925129 0.947350502 0.047556393 0.120735720 -0.939990520 0.319125086 0.107746772
0.992160261 0.120266631 -0.033969298 -0.052296162 -0.006846218 0.323713452 0.946130395 0.047052007 0.124784224 -0.938480496 0.321998984 0.105538912
0.991094947 0.125765085 -0.043747425 -0.055222105 0.001211450 0.320011079 0.947412968 0.046652745 0.133151114 -0.939029336 0.317009002 0.109524861
0.990106940 0.129425675 -0.054194994 -0.057536643 0.008501942 0.330193192 0.943875074 0.046379741 0.140056476 -0.934998095 0.325826228 0.097792268
0.989791453 0.130715460 -0.056801178 -0.071138516 0.009645557 0.336189330 0.941745043 0.049771380 0.142196581 -0.932679176 0.331496418 0.087592520
0.987699211 0.131773934 -0.084177628 -0.061171472 0.036846828 0.327035785 0.944293380 0.044005349 0.151962355 -0.935779512 0.318157524 0.097713053
0.985404193 0.134513393 -0.104329973 -0.058434632 0.054914143 0.328927815 0.942757130 0.044230405 0.161130488 -0.934726059 0.316740125 0.094214290
0.983908176 0.135541826 -0.116418481 -0.056792676 0.066589244 0.326459736 0.942862630 0.042434793 0.165803254 -0.935442448 0.312180728 0.094990879
0.981154621 0.135815486 -0.137439713 -0.048845958 0.088412978 0.316908687 0.944326162 0.039292611 0.171809956 -0.938681543 0.298928589 0.104970343
0.979648054 0.136372983 -0.147282451 -0.053485151 0.097297207 0.319161624 0.942692459 0.035852980 0.175564691 -0.937837005 0.299397349 0.099819675
0.978247225 0.135412708 -0.157148853 -0.052299920 0.106204987 0.323807687 0.940143108 0.038266852 0.178193331 -0.936382353 0.302382499 0.097026214
0.977431715 0.136260197 -0.161432385 -0.055995919 0.110078603 0.323709607 0.939731240 0.036452327 0.180305183 -0.936293423 0.301404655 0.097700156
0.974004447 0.138240442 -0.179457247 -0.054186396 0.124256998 0.336349666 0.933503687 0.037476946 0.189408347 -0.931535482 0.310428768 0.092069604
0.972111821 0.140013009 -0.188135475 -0.055614077 0.132380933 0.334580243 0.933022678 0.034460761 0.193581715 -0.931907952 0.306714296 0.093633264
0.969503224 0.141985044 -0.199759230 -0.056962676 0.142647386 0.335865468 0.931045711 0.034293767 0.199286759 -0.931147039 0.305368841 0.091914922
0.968234777 0.142740503 -0.205296397 -0.064561605 0.146557212 0.341254532 0.928475261 0.033434499 0.202589348 -0.929069698 0.309494823 0.086749904
0.962733209 0.145707220 -0.227846801 -0.055625807 0.165361598 0.349513084 0.922223508 0.036434419 0.214010060 -0.925532281 0.312393457 0.081513830
0.958373249 0.148610041 -0.243794397 -0.047941852 0.181455508 0.342230469 0.921928525 0.030946461 0.220441699 -0.927789569 0.301018447 0.092107594
0.955247283 0.153664783 -0.252764076 -0.055211361 0.186650157 0.349796414 0.918043673 0.030281752 0.229486898 -0.924137235 0.305460513 0.084543884
0.950778723 0.157151610 -0.267064035 -0.050339472 0.201097712 0.342782229 0.917638302 0.028483437 0.235753134 -0.926176906 0.294307172 0.091507494
0.946991682 0.162416935 -0.277177781 -0.053007450 0.208005175 0.347535908 0.914304495 0.030127840 0.244827747 -0.923493147 0.295329988 0.085986488
0.944521546 0.162725955 -0.285305530 -0.052116532 0.215076715 0.350078583 0.911694646 0.028730316 0.248235673 -0.922477901 0.295658171 0.084066704
0.941578746 0.164388865 -0.293948591 -0.052110199 0.223737597 0.347054273 0.910766065 0.026477728 0.251735926 -0.923325479 0.289998949 0.091387510
0.941340268 0.158913255 -0.297699749 -0.059945673 0.227056295 0.354363382 0.907122970 0.027421001 0.249647722 -0.921505988 0.297494233 0.089004807
0.936725318 0.157580733 -0.312592328 -0.059488360 0.236484677 0.373539746 0.896963298 0.024540801 0.258109778 -0.914131522 0.312638700 0.078108013
0.932466626 0.158858359 -0.324453503 -0.056096252 0.248610258 0.369440287 0.895380855 0.019176381 0.262104899 -0.915575266 0.304996938 0.090477005
0.930191219 0.155278057 -0.332615286 -0.053653147 0.253892422 0.382261842 0.888489962 0.018953031 0.265109122 -0.910914242 0.316152692 0.083399847
0.923276544 0.156838089 -0.350659728 -0.049857333 0.269435436 0.386242658 0.882168412 0.014075107 0.273797363 -0.908965588 0.314351052 0.089476958
0.922099829 0.158830151 -0.352852374 -0.055103805 0.268310606 0.394616634 0.878798604 0.011797532 0.278821141 -0.905014217 0.321260124 0.086128764
0.922520936 0.155321062 -0.353313416 -0.058381386 0.268145353 0.400473714 0.876195669 0.008111276 0.277584344 -0.903048277 0.327796757 0.080874987
0.917983830 0.151241228 -0.366649300 -0.053493451 0.278863877 0.411232859 0.867826283 0.009810270 0.282029331 -0.898895741 0.335329413 0.082970165
0.919019341 0.152041614 -0.363712519 -0.063486986 0.273298740 0.419179410 0.865792334 0.003021792 0.284097224 -0.895082176 0.343681157 0.078853317
0.913527250 0.141807631 -0.381259233 -0.048737470 0.292786747 0.421438426 0.858292222 0.002180720 0.282389671 -0.895701051 0.343476027 0.083176307
0.906883359 0.130421549 -0.400690466 -0.041141216 0.310647994 0.435556144 0.844860077 0.002152815 0.284711152 -0.890663266 0.354483455 0.086636700
0.903180957 0.125894651 -0.410383701 -0.037259698 0.317336768 0.447980314 0.835829556 0.005999075 0.289070308 -0.885135114 0.364656270 0.081207909
0.900179446 0.125316188 -0.417100728 -0.037576050 0.322577417 0.451604694 0.831863582 0.005381258 0.292610615 -0.883373678 0.366101086 0.083297178
0.895629704 0.121821016 -0.427793324 -0.035195712 0.330790937 0.460549295 0.823693991 0.004001967 0.297363162 -0.879234850 0.372184366 0.084863693
0.894137204 0.119731821 -0.431489348 -0.035293978 0.332317859 0.468435377 0.818616688 0.004978813 0.300139308 -0.875347137 0.379056454 0.079043850
0.892782152 0.117822975 -0.434807926 -0.036164597 0.334502190 0.473112822 0.815029204 0.001091204 0.301742345 -0.873087645 0.382974595 0.079989254
0.889041305 0.114544041 -0.443266720 -0.032911625 0.340362400 0.482182384 0.807250738 0.003089688 0.306201130 -0.868550420 0.389693558 0.080712818
0.888677835 0.112186998 -0.444596320 -0.032730248 0.339416623 0.490979493 0.802331328 0.000980658 0.308298826 -0.863917351 0.398244500 0.075149782
0.888221562 0.111015506 -0.445800513 -0.032849248 0.339805663 0.494295686 0.800127506 0.002079979 0.309183776 -0.862175882 0.401320338 0.072292686
0.887161255 0.110628061 -0.448002726 -0.032726854 0.341848701 0.494582593 0.799079180 0.000251852 0.309974909 -0.862061143 0.400956452 0.076883897
0.884901643 0.109840609 -0.452641368 -0.030231625 0.345557541 0.496789426 0.796109498 0.002667172 0.312312573 -0.860892117 0.401653528 0.080070063
0.885310948 0.108460411 -0.452173650 -0.031200087 0.343074173 0.504053771 0.792609632 0.001798377 0.313886553 -0.856834948 0.409034342 0.073032416
0.883476853 0.107340105 -0.456011891 -0.030861100 0.345132768 0.509081602 0.788491786 0.000370273 0.316784054 -0.853998899 0.412715137 0.073523521
0.882003248 0.107556283 -0.458805025 -0.030726148 0.346047699 0.513051033 0.785512388 -0.000925331 0.319877207 -0.851592779 0.415293038 0.074702181
0.879681706 0.106396042 -0.463508338 -0.030474260 0.349372149 0.516664386 0.781663001 -0.000654114 0.322644085 -0.849551499 0.417328358 0.075071298
0.879243255 0.104516208 -0.464766294 -0.030112615 0.349013299 0.522694111 0.777804971 0.000277980 0.324223846 -0.846089303 0.423097700 0.068198308
0.877935588 0.103395924 -0.467480868 -0.029016640 0.352971941 0.519917011 0.777879953 -0.002604391 0.323480844 -0.847936094 0.419957757 0.077891521
0.876216054 0.100468241 -0.471329600 -0.027644839 0.355333000 0.526001811 0.772697031 -0.001210580 0.325551689 -0.844528377 0.425191581 0.073865242
0.875756264 0.095212437 -0.473271281 -0.028119000 0.356633663 0.533143163 0.767183721 -0.004310126 0.325366795 -0.840650380 0.432947457 0.071968831
0.872523308 0.089917585 -0.480226934 -0.024212949 0.364289135 0.535257459 0.762097716 -0.001601126 0.325571001 -0.839889348 0.434268624 0.082143366
0.872391641 0.086509019 -0.481091529 -0.025652934 0.363206446 0.543953180 0.756436408 -0.002845102 0.327129841 -0.834644258 0.443119556 0.076043539
0.868960679 0.079684690 -0.488423795 -0.021886038 0.368951589 0.553455412 0.746700644 -0.001307013 0.329821408 -0.829058051 0.451531172 0.078506760
0.870378673 0.077813879 -0.486195475 -0.025073072 0.363292843 0.565020621 0.740790188 -0.004957237 0.332354277 -0.821399152 0.463512659 0.062994793
0.868026733 0.077772841 -0.490388721 -0.022660462 0.367227226 0.564172208 0.739495754 -0.005786440 0.334176362 -0.821986020 0.461156219 0.071002953
0.867577136 0.075289123 -0.491570532 -0.022473235 0.367385954 0.569169760 0.735576928 -0.007473540 0.335168004 -0.818765700 0.466138452 0.067191392
0.865878165 0.071182080 -0.495164841 -0.020657357 0.371176958 0.572188556 0.731319368 -0.007193923 0.335384518 -0.817027152 0.469024420 0.070719503
0.865174532 0.069995821 -0.496561855 -0.021096306 0.369959235 0.579375625 0.726260304 -0.003962494 0.338530988 -0.812049508 0.475365430 0.062722862
0.863621354 0.067099549 -0.499655664 -0.020419098 0.372582346 0.582714260 0.722237170 -0.005151927 0.339618295 -0.809902251 0.478244394 0.067166649
0.863945425 0.062865518 -0.499646217 -0.021762384 0.372491628 0.587920308 0.718052745 -0.006610162 0.338892907 -0.806472301 0.484514177 0.062769428
0.862110019 0.061429348 -0.502983928 -0.018975733 0.375669926 0.588659465 0.715787828 -0.006656757 0.340056628 -0.806043744 0.484411985 0.069086619
0.862692475 0.056554466 -0.502556920 -0.019960620 0.374807745 0.595659077 0.710429072 -0.008190053 0.339530528 -0.801243901 0.492673546 0.064535432
0.862147152 0.052761223 -0.503903389 -0.018706964 0.375402987 0.601398647 0.705260515 -0.006983589 0.340257198 -0.797205091 0.498687357 0.062277559
0.861780763 0.050524428 -0.504758477 -0.020311480 0.374984145 0.606685102 0.700942278 -0.005741195 0.341644108 -0.793335021 0.503883779 0.060572721
0.862147927 0.045662712 -0.504594743 -0.020614494 0.375970989 0.609942794 0.697578311 -0.008301809 0.339627296 -0.791128635 0.508693218 0.061868753
0.861953974 0.040061019 -0.505401313 -0.020740261 0.374885082 0.620756567 0.688565433 -0.007244259 0.341315866 -0.782979131 0.520045400 0.055466827
0.860793054 0.038109723 -0.507526398 -0.019042514 0.378362745 0.619041085 0.688207746 -0.008854176 0.340407073 -0.784433424 0.518447042 0.063722774
0.861039996 0.033002626 -0.507465243 -0.020382494 0.377267718 0.627677083 0.680948317 -0.011303509 0.340997398 -0.777773976 0.528004289 0.058116067
0.859933853 0.028972900 -0.509582579 -0.018389437 0.379171193 0.632079780 0.675798953 -0.009671067 0.341676682 -0.774361491 0.532561183 0.057398904
0.859396875 0.027388792 -0.510575175 -0.018202279 0.379542351 0.634939849 0.672903359 -0.010242750 0.342614591 -0.772075832 0.535270214 0.057996940
0.859367847 0.023696460 -0.510808647 -0.018354317 0.380456507 0.637819171 0.669656217 -0.009654813 0.341672063 -0.769821346 0.539105952 0.057721607
0.859641790 0.020680025 -0.510478616 -0.017989829 0.380012244 0.641957462 0.665943921 -0.011443088 0.341477364 -0.766461313 0.543994904 0.055495337
0.859285474 0.016811632 -0.511220038 -0.017324371 0.381735235 0.644160211 0.662824154 -0.011714580 0.340450764 -0.764705837 0.547099948 0.058068573
0.858357668 0.012066169 -0.512910008 -0.015380913 0.382992595 0.650132954 0.656234503 -0.011334351 0.341378003 -0.759724557 0.553425431 0.056077231
0.858369648 0.012191104 -0.512886941 -0.016322671 0.381535143 0.653169692 0.654064417 -0.012252360 0.342976034 -0.757113338 0.556009769 0.054640368
0.857626855 0.009853150 -0.514178157 -0.016044920 0.383098960 0.654775500 0.651539862 -0.014493648 0.343091011 -0.755759120 0.557778418 0.057358395
0.856805444 0.006762957 -0.515595496 -0.016063429 0.383776098 0.659455776 0.646400809 -0.014151856 0.344384044 -0.751712978 0.562429905 0.055461772
0.856000304 0.005701590 -0.516943991 -0.015418218 0.384004325 0.662470937 0.643174112 -0.013760648 0.346127510 -0.749065936 0.564885914 0.055138886
0.854639292 0.001610049 -0.519219816 -0.014680382 0.386656582 0.665440261 0.638502896 -0.013339330 0.346537828 -0.746449411 0.568088889 0.059298992
0.854026556 0.001911620 -0.520225823 -0.014764921 0.386066347 0.667946935 0.636238694 -0.015210507 0.348699540 -0.744206429 0.569706440 0.057033326
0.851614416 -0.001256086 -0.524167359 -0.014534708 0.389140666 0.671474636 0.630627692 -0.014597428 0.351172984 -0.741026402 0.572326422 0.060107969
0.850315452 -0.001482450 -0.526271403 -0.014022353 0.388440460 0.676460624 0.625711620 -0.017798368 0.355074316 -0.736477315 0.575780749 0.054929882
0.849854767 -0.003039920 -0.527008116 -0.015567086 0.386716664 0.682968259 0.619681060 -0.017836349 0.358045995 -0.730441749 0.581599534 0.046047036
0.847070396 -0.004074600 -0.531465113 -0.015106540 0.390418857 0.683264852 0.617026925 -0.020871097 0.360617340 -0.730159223 0.580364347 0.047567695
0.843802869 -0.004947339 -0.536630332 -0.012962879 0.394164860 0.684307277 0.613479972 -0.015371125 0.364184946 -0.729176998 0.579370558 0.050087433
0.843739986 -0.006072918 -0.536717832 -0.015354872 0.395201921 0.683658242 0.613536358 -0.023662923 0.363205612 -0.729777038 0.579229891 0.047325831
0.836430907 -0.005351933 -0.548046291 -0.013665504 0.401613474 0.686424136 0.606241345 -0.022749893 0.372947633 -0.727181673 0.576295853 0.046352390
0.831021309 -0.002373994 -0.556235671 -0.011991540 0.405656964 0.686792433 0.603123963 -0.021025430 0.380586773 -0.726849675 0.571702182 0.046214420
0.824908555 0.004735729 -0.565246463 -0.013396400 0.410976380 0.681536734 0.605480015 -0.019378675 0.388103694 -0.731768668 0.560259223 0.044948000
0.820455611 0.013562656 -0.571549356 -0.014660456 0.411839068 0.679380834 0.607313991 -0.021092510 0.396536529 -0.733660519 0.551816285 0.040925596
0.816266537 0.016688230 -0.577434480 -0.013851267 0.415870637 0.676808655 0.607438564 -0.027330242 0.400949717 -0.735969901 0.545516074 0.042156491
0.809837162 0.022674426 -0.586216390 -0.014342645 0.418997854 0.677047670 0.605018377 -0.028862022 0.410614967 -0.735589743 0.538797915 0.041707486
0.798986137 0.020290919 -0.601007104 -0.013561320 0.429293603 0.680619538 0.593686879 -0.028335283 0.421103686 -0.732356071 0.535094798 0.048083641
0.796117127 0.018665096 -0.604854584 -0.017604779 0.432325959 0.681841075 0.590073705 -0.038607560 0.423428476 -0.731262147 0.534756005 0.041680042
0.788918436 0.014965119 -0.614315629 -0.015874272 0.438781619 0.686169088 0.580209136 -0.038187783 0.430207253 -0.727288127 0.534765065 0.041045718
0.776587129 0.014529484 -0.629842281 -0.013236858 0.447493523 0.690994442 0.567693770 -0.036295470 0.443465829 -0.722714007 0.530115545 0.038018130
0.771136820 0.019724827 -0.636363804 -0.015542954 0.450337499 0.689642131 0.567089021 -0.044360459 0.450049043 -0.723881662 0.522925615 0.032501742
0.764302135 0.020846862 -0.644521415 -0.012205002 0.454629719 0.691410005 0.561483622 -0.040403347 0.457333714 -0.722161651 0.518968463 0.032676209
0.755541623 0.028636592 -0.654474616 -0.013125043 0.458278388 0.690792382 0.559273422 -0.041721284 0.468121737 -0.722485960 0.508798718 0.031244561
0.747230887 0.032882735 -0.663750470 -0.012117882 0.463416666 0.690095961 0.555888832 -0.035465211 0.476330698 -0.722970426 0.500422716 0.034803469
0.743710160 0.030531693 -0.667804539 -0.010566201 0.468090892 0.689409733 0.552815557 -0.037799466 0.477269411 -0.723727822 0.498429447 0.032301176
0.739539325 0.028809777 -0.672496438 -0.008103613 0.471784264 0.690421760 0.548395336 -0.038592096 0.480105430 -0.722833097 0.497002065 0.032258529
0.734123826 0.023516122 -0.678608239 -0.006338060 0.479832381 0.689163387 0.542968452 -0.039706104 0.480440497 -0.724224210 0.494647503 0.033239640
0.731462538 0.023297021 -0.681483507 -0.007225467 0.482685477 0.688237131 0.541612864 -0.039545860 0.481640190 -0.725111783 0.492174447 0.033107243
0.729633868 0.021111948 -0.683512092 -0.005804646 0.486121595 0.686972797 0.540142775 -0.039489895 0.480957717 -0.726376414 0.490975559 0.033736125
0.726472497 0.019307097 -0.686924279 -0.004531323 0.490483880 0.685558856 0.537991166 -0.032406881 0.481314152 -0.727761030 0.488569885 0.035170544
0.725625575 0.020196550 -0.687793374 -0.003151732 0.490884870 0.685258627 0.538008094 -0.032408468 0.482182264 -0.728019714 0.487326980 0.036585953
0.726261616 0.020234937 -0.687120497 -0.004569168 0.491402000 0.683690965 0.539528131 -0.034599416 0.480695486 -0.729490995 0.486595094 0.036436945
0.725870728 0.018480351 -0.687582850 -0.003967621 0.492027730 0.684581637 0.537825882 -0.031879347 0.480645806 -0.728701830 0.487824947 0.036009237
0.726973295 0.019527096 -0.686388075 -0.004580161 0.489593357 0.686139226 0.538062453 -0.033760842 0.481464654 -0.727207959 0.489244670 0.034866545
0.726934016 0.022723593 -0.686331213 -0.004029916 0.487939954 0.686169147 0.539524257 -0.034048319 0.483199298 -0.727087021 0.487711936 0.035574924
0.726538658 0.021517050 -0.686788619 -0.002824692 0.489470661 0.685278237 0.539270043 -0.033118058 0.482244849 -0.727963388 0.487349182 0.036183115
0.728558779 0.022038614 -0.684628725 -0.003573657 0.487636566 0.685234427 0.540984452 -0.032129675 0.481053829 -0.727988958 0.488486797 0.035895564
0.732910693 0.021742495 -0.679977298 -0.005421767 0.484828204 0.684476972 0.544456482 -0.035747271 0.477266610 -0.728710294 0.491119146 0.034929790
0.736934185 0.020012738 -0.675668120 -0.004330369 0.483533323 0.682880342 0.547603846 -0.032693360 0.472359538 -0.730256021 0.493561000 0.035983481
0.738159657 0.022891618 -0.674237430 -0.004562165 0.481667995 0.681881845 0.550484478 -0.036249403 0.472351760 -0.731104136 0.492311507 0.038745150
0.741183102 0.021889493 -0.670945942 -0.003958344 0.479075372 0.682882369 0.551505685 -0.034798428 0.470249355 -0.730200410 0.495654106 0.036776036
0.745288730 0.022371156 -0.666366398 -0.004660532 0.475833237 0.682241797 0.555093527 -0.032925155 0.467041075 -0.730784357 0.497822165 0.036478929
0.746316910 0.021587107 -0.665240586 -0.001771770 0.474884689 0.683038652 0.554925919 -0.025296625 0.466364324 -0.730063140 0.499511868 0.038633682
0.750495851 0.023406999 -0.660460591 -0.003108098 0.471875250 0.680711091 0.560326934 -0.026632871 0.462698370 -0.732178032 0.499825537 0.039693147
0.755741060 0.022964019 -0.654467821 -0.002962376 0.468266010 0.679692388 0.564575195 -0.027243035 0.457801700 -0.733137727 0.502918124 0.038612034
0.761372685 0.018439239 -0.648052216 -0.001991182 0.466571689 0.678452253 0.567462087 -0.020738106 0.450136155 -0.734412968 0.507951796 0.044624679
0.764567494 0.017017342 -0.644319117 0.000168749 0.465917498 0.676157475 0.570729256 -0.017207596 0.445373505 -0.736560524 0.509039402 0.051253088
0.775179863 0.016155414 -0.631533980 -0.002298361 0.454997212 0.679233193 0.575864434 -0.021728402 0.438262194 -0.733744681 0.519177258 0.040379781
0.782852173 0.015075373 -0.622025192 -0.003162987 0.449469447 0.677593231 0.582103729 -0.021633388 0.430255473 -0.735282362 0.523679435 0.045718867
0.786781609 0.015940020 -0.617025614 -0.002687745 0.445293397 0.677590907 0.585307002 -0.025648957 0.427420765 -0.735266328 0.526018023 0.047493201
0.791986346 0.015598550 -0.610339522 -0.003949314 0.438579023 0.680922031 0.586509645 -0.024260031 0.424742371 -0.732189715 0.532439768 0.042637877
0.799638510 0.014478035 -0.600307167 -0.006063719 0.431705534 0.681017399 0.591477513 -0.022097729 0.417383075 -0.732124150 0.538317442 0.041456316
0.802783668 0.013595887 -0.596115232 -0.005732404 0.429365128 0.680524886 0.593743622 -0.022530973 0.413743734 -0.732598960 0.540476561 0.043355089
0.805714011 0.012527471 -0.592172384 -0.006139315 0.428021401 0.678758681 0.596728027 -0.025326181 0.409417629 -0.734254599 0.541523278 0.043379899
0.811510086 0.010131652 -0.584250629 -0.005786559 0.423642099 0.678450286 0.600193799 -0.022834292 0.402465969 -0.734576404 0.546277046 0.043458335
0.814510226 0.007658173 -0.580098748 -0.005464179 0.422034919 0.678269625 0.601528704 -0.013876552 0.398069948 -0.734773278 0.549225450 0.047382712
0.818129122 0.008435211 -0.574972749 -0.005240750 0.419038713 0.675993443 0.606167734 -0.016343210 0.393790960 -0.736859262 0.549515307 0.047965273
0.823135972 0.007617136 -0.567793250 -0.002755483 0.414173514 0.675994992 0.609500647 -0.007465661 0.388468087 -0.736866891 0.553281009 0.052013606
0.831596375 0.005499628 -0.555353284 -0.005915105 0.407025486 0.674292803 0.616165042 -0.015167951 0.377859503 -0.738443494 0.558501005 0.047221206
0.835165918 0.005246424 -0.549973071 -0.005159224 0.403891534 0.672888756 0.619751751 -0.010132367 0.373322219 -0.739724994 0.559854865 0.054774698
0.843865335 0.003085962 -0.536546230 -0.007121579 0.395158947 0.672880113 0.625365198 -0.011254918 0.362961173 -0.739745140 0.566600740 0.050930355
0.849344075 0.002507284 -0.527833581 -0.008731705 0.390813619 0.669169366 0.632041991 -0.018544616 0.354794800 -0.743105769 0.567375064 0.049479362
0.850455165 -0.001034017 -0.526046634 -0.006506369 0.390083134 0.672151566 0.629322946 -0.007345552 0.352932334 -0.740412831 0.572038114 0.055078447
0.857350111 -0.001474754 -0.514731586 -0.007512632 0.381620347 0.672888517 0.633708835 -0.006526210 0.345422417 -0.739742398 0.577463925 0.053530667
0.862761796 0.001112398 -0.505609334 -0.008203385 0.372596741 0.674574733 0.637275755 -0.007108945 0.341780305 -0.738205671 0.581582904 0.054722842
0.868744493 -0.000151382 -0.495260626 -0.011049239 0.365983069 0.673933625 0.641770840 -0.012545515 0.333675653 -0.738791883 0.585531592 0.055728570
0.874622762 0.002138315 -0.484799504 -0.012644761 0.354909986 0.678399920 0.643282592 -0.012425433 0.330263466 -0.734689713 0.592585087 0.053935684
0.876451790 0.001448174 -0.481487453 -0.012758691 0.352334321 0.679631531 0.643398404 -0.014750797 0.328165770 -0.733552277 0.595154047 0.051831923
0.878020346 0.002634665 -0.478616118 -0.014478302 0.350185782 0.678131759 0.646148026 -0.016455553 0.326267153 -0.734935701 0.594490767 0.051656377
0.878416419 0.001245578 -0.477894515 -0.014049540 0.350468546 0.678162158 0.645962715 -0.013272251 0.324894577 -0.734911203 0.595272243 0.051136818
0.879668474 0.002551369 -0.475580513 -0.015159458 0.347553104 0.679147124 0.646503031 -0.017367285 0.324638605 -0.733997881 0.596537471 0.049251780
0.879198134 0.001907393 -0.476452529 -0.012342550 0.348552853 0.679204702 0.645903885 -0.012167083 0.324840784 -0.733946383 0.596490681 0.053355813
0.881082773 0.001019842 -0.472961009 -0.013196780 0.347027808 0.678042471 0.647942960 -0.017373003 0.321348399 -0.735022068 0.597057581 0.053517804
0.882932127 -0.000581326 -0.469500452 -0.014003182 0.344341129 0.680577457 0.646717429 -0.015470715 0.319155514 -0.732675970 0.601103783 0.051912360
0.884169161 -0.002211180 -0.467161685 -0.014152790 0.343534827 0.680748999 0.646965742 -0.018445529 0.316589326 -0.732513487 0.602656841 0.051232811
0.883846879 -0.001538463 -0.467773795 -0.014220041 0.343570441 0.680766284 0.646928608 -0.018302608 0.317449361 -0.732499123 0.602221668 0.053444613
0.884762406 -0.000520608 -0.466041982 -0.014763774 0.342265904 0.679432213 0.649019301 -0.019446779 0.316306025 -0.733738244 0.601314187 0.053095173
0.885414660 -0.001418207 -0.464799732 -0.015997078 0.340973467 0.681572318 0.647453666 -0.019168964 0.315876395 -0.731749415 0.603957772 0.050599094
0.885010064 -0.000790304 -0.465571254 -0.014901148 0.341432095 0.680940747 0.647876501 -0.016820252 0.316514373 -0.732338190 0.602909207 0.052538957
0.885073602 0.000392493 -0.465450943 -0.014671067 0.339880854 0.682668924 0.646872580 -0.015138181 0.318002820 -0.730727792 0.604078770 0.051056039
0.884917080 0.000055230 -0.465748429 -0.014580129 0.340913206 0.681261659 0.647812188 -0.014559344 0.317332417 -0.732039988 0.602841377 0.054395806
0.886863649 0.000420444 -0.462031007 -0.014936451 0.337269276 0.682889163 0.648006141 -0.014363598 0.315788388 -0.730522037 0.605487645 0.049526121
0.887931705 -0.000266973 -0.459975302 -0.013457602 0.336777210 0.681505919 0.649715781 -0.012149421 0.313302428 -0.731812477 0.605220616 0.053670000
0.889978111 -0.000603974 -0.456002891 -0.014079072 0.334123939 0.681390285 0.651205361 -0.011684802 0.310322613 -0.731919944 0.606624365 0.053796709
0.891183674 0.001326354 -0.453640819 -0.015096814 0.331611186 0.680473804 0.653444290 -0.013697570 0.309557378 -0.732771099 0.605987251 0.054054920
0.892329812 0.000334099 -0.451383948 -0.016564598 0.330546051 0.680504262 0.653952003 -0.015904743 0.307387203 -0.732743979 0.607123792 0.052037712
0.892979681 0.002500215 -0.450089902 -0.015864765 0.328760684 0.679362237 0.656036019 -0.016269384 0.307414323 -0.733798862 0.605834723 0.051883545
0.893533587 0.004295806 -0.448975712 -0.017277662 0.326906592 0.679233253 0.657095313 -0.017659590 0.307782024 -0.733909905 0.605513394 0.052321460
0.893346012 0.003521680 -0.449355543 -0.016688624 0.327850014 0.678768933 0.657105088 -0.017063998 0.307322741 -0.734343529 0.605220914 0.055455428
0.893640697 0.003409298 -0.448770076 -0.014867536 0.326514900 0.681088984 0.655366838 -0.013547173 0.307886690 -0.732192636 0.607535720 0.053822011
0.895707548 0.003801854 -0.444627523 -0.017030582 0.323604703 0.680207551 0.657721698 -0.016577449 0.304939568 -0.733009875 0.608036578 0.051090263
0.895228744 0.003432414 -0.445593745 -0.016230984 0.323878884 0.681788802 0.655946970 -0.013231978 0.306052327 -0.731541038 0.609245241 0.053592328
0.896383286 0.002592633 -0.443272173 -0.017238365 0.323107332 0.680785418 0.657368183 -0.016149752 0.303477556 -0.732478321 0.609406948 0.051084541
0.895838201 0.001701029 -0.444377005 -0.017346503 0.324864239 0.679811954 0.657509625 -0.017103119 0.303211242 -0.733384490 0.608448923 0.053505406
0.895642400 0.001313178 -0.444772869 -0.016495058 0.324998796 0.680759132 0.656462371 -0.015581871 0.303645253 -0.732506216 0.609289885 0.052337587
0.894526005 0.001544005 -0.447013170 -0.015112257 0.326761276 0.680132151 0.656237125 -0.013660949 0.305041313 -0.733087838 0.607891500 0.056241862
0.895617962 0.003166058 -0.444812834 -0.016159773 0.323713303 0.681203663 0.656636238 -0.014304184 0.305087090 -0.732087016 0.609073460 0.052637797
0.896081626 0.001990107 -0.443884820 -0.017019020 0.324010313 0.680577099 0.657139242 -0.015099691 0.303405672 -0.732673705 0.609207869 0.053704809
0.895990014 0.002662994 -0.444066226 -0.015326201 0.322892010 0.682598948 0.655590892 -0.010838958 0.304864973 -0.730788350 0.610741973 0.054351643
0.897641480 0.004499602 -0.440703392 -0.016951082 0.319510192 0.682108164 0.657755017 -0.011768012 0.303567052 -0.731237471 0.610850990 0.055159058
0.898224235 0.003345091 -0.439524889 -0.014115780 0.318865865 0.683287740 0.656842709 -0.010483520 0.302519262 -0.730141461 0.612679005 0.055905245
0.901099384 0.006719067 -0.433560520 -0.014992859 0.311546355 0.685421407 0.658131063 -0.007871785 0.301593691 -0.728115618 0.615539491 0.058502272
0.904188931 0.008156031 -0.427054942 -0.015174801 0.304456651 0.688941479 0.657773256 -0.011585013 0.299580723 -0.724771082 0.620450079 0.057714924
0.904428661 0.005043532 -0.426595032 -0.012074654 0.303319663 0.695566297 0.651294589 -0.000995870 0.300009906 -0.718444228 0.627560258 0.066267706
0.909678757 0.010295599 -0.415185004 -0.015801653 0.288978517 0.702314496 0.650573432 -0.003109117 0.298288435 -0.711792409 0.635905266 0.056437731
0.916063666 0.011058751 -0.400880247 -0.018028136 0.276090801 0.707617402 0.650424004 -0.003292476 0.290862709 -0.706509233 0.645169377 0.056780644
0.917598307 0.009450370 -0.397396475 -0.015555350 0.272789687 0.712191522 0.646814525 -0.002933358 0.289135039 -0.701921582 0.650927782 0.063803568
0.920636714 0.010725542 -0.390272826 -0.018159429 0.264338046 0.718525827 0.643308580 -0.004400791 0.287320971 -0.695417643 0.658666074 0.057767544
0.926130295 0.015636306 -0.376879364 -0.018533966 0.249112740 0.724896908 0.642236233 -0.002132628 0.283240885 -0.688679814 0.667453825 0.056721538
0.928641915 0.018118726 -0.370534569 -0.019403430 0.242035583 0.727356076 0.642161846 -0.006018608 0.281145781 -0.686020970 0.671067953 0.058332078
0.932602823 0.019028202 -0.360402405 -0.020236012 0.230535671 0.736917138 0.635457516 0.002117407 0.277678341 -0.675715089 0.682864368 0.057984903
0.938349247 0.024490735 -0.344820082 -0.021385925 0.213683292 0.743001580 0.634261847 0.001286903 0.271735400 -0.668841422 0.691961706 0.054763861
0.940991342 0.034348719 -0.336683035 -0.022041997 0.200008050 0.746073484 0.635115206 0.001886664 0.273005635 -0.664977252 0.695178568 0.058561377
0.944045126 0.041990735 -0.327132314 -0.027824057 0.185884804 0.751584768 0.632903814 -0.002264250 0.272443771 -0.658298671 0.701724410 0.052827328
0.946091175 0.036326338 -0.321857035 -0.023380676 0.182867587 0.760265648 0.623342216 0.002049614 0.267340600 -0.648595810 0.712637663 0.058862612
0.951385140 0.039402124 -0.305473149 -0.025272721 0.166463509 0.768678904 0.617594242 0.002326597 0.259145260 -0.638420105 0.724750638 0.054140441
0.953369558 0.048618179 -0.297863662 -0.030211614 0.153919980 0.770616412 0.618432641 -0.000092625 0.259605646 -0.635442078 0.727198958 0.048912607
0.954946935 0.052358039 -0.292121559 -0.033311665 0.145085335 0.776311040 0.613425791 -0.000999672 0.258895010 -0.628171742 0.733739495 0.049599469
0.956000686 0.062481921 -0.286633611 -0.032050267 0.131962895 0.781034291 0.610386074 0.001424333 0.262008756 -0.621354401 0.738423944 0.047038693
0.957893550 0.063784458 -0.279949188 -0.029815948 0.125608638 0.783670127 0.608344913 0.002431724 0.258190781 -0.617893696 0.742660642 0.048451740
0.960068762 0.070683554 -0.270687878 -0.029279081 0.113813095 0.785192370 0.608703136 -0.000353356 0.255567402 -0.615204632 0.745793819 0.051182024
0.964013815 0.076797664 -0.254518330 -0.031637508 0.094635658 0.795526922 0.598482132 0.002408032 0.248438239 -0.601031542 0.759631097 0.050637204
0.965598881 0.081559435 -0.246915013 -0.031199610 0.084763356 0.798955798 0.595386147 -0.004996006 0.245833591 -0.595833480 0.764557540 0.052159261
0.967684031 0.084963739 -0.237421781 -0.026869928 0.073235258 0.806254327 0.587018430 -0.006378501 0.241297632 -0.585435867 0.773976982 0.050535861
0.971618891 0.089407101 -0.219004855 -0.037581272 0.053430207 0.818948805 0.571373940 -0.003300090 0.230438665 -0.566859066 0.790929079 0.048087593
0.972681224 0.091654450 -0.213285431 -0.042445846 0.045282595 0.826202154 0.561551034 0.002824580 0.227685496 -0.555868208 0.799480915 0.040888172
0.972937524 0.089424767 -0.213062882 -0.039206341 0.045711216 0.829366803 0.556831360 0.000892293 0.226501793 -0.551501513 0.802834332 0.044879090
0.973744631 0.093455181 -0.207575455 -0.041093972 0.036825713 0.835167110 0.548762083 -0.000673151 0.224644840 -0.541998208 0.809797823 0.043963894
0.974730015 0.097120665 -0.201168969 -0.041922014 0.027800068 0.840804160 0.540625215 0.002411220 0.221649557 -0.532556117 0.816857040 0.039935317
0.974820793 0.109949529 -0.193998680 -0.039855454 0.009510395 0.848698318 0.528791785 -0.000036957 0.222786754 -0.517322302 0.826283038 0.042819273
0.975065470 0.115192242 -0.189679205 -0.044334084 0.001185954 0.852010906 0.523522794 -0.001096007 0.221914515 -0.510694027 0.830629647 0.041633960
0.974447191 0.126425758 -0.185659558 -0.048551619 -0.013593600 0.858236969 0.513073564 0.004447768 0.224205643 -0.497439235 0.838025093 0.034363993
0.974643588 0.130122021 -0.182039022 -0.047298916 -0.020171680 0.861315012 0.507670581 0.002702540 0.222852096 -0.491125792 0.842099965 0.034076966
0.973672271 0.144400924 -0.176382303 -0.049313363 -0.037703119 0.865127146 0.500133395 0.003643219 0.224812850 -0.480315864 0.847794771 0.034338761
0.973894656 0.143822581 -0.175625280 -0.049768731 -0.038942602 0.868063331 0.494923681 0.001893647 0.223635077 -0.475164264 0.851003110 0.032848645
0.974463344 0.141991541 -0.173952803 -0.052622817 -0.040010523 0.872084320 0.487717301 0.003630379 0.220953226 -0.468302727 0.855495334 0.032835148
0.975004315 0.138729647 -0.173553273 -0.050868768 -0.039174847 0.876216531 0.480322689 0.003782843 0.218705267 -0.461517751 0.859749615 0.030400779
0.975507021 0.136823133 -0.172236964 -0.051552843 -0.039028294 0.878242731 0.476619869 0.003717231 0.216478482 -0.458223939 0.862071872 0.031439029
0.976038754 0.134232670 -0.171260029 -0.047644034 -0.038941000 0.882098436 0.469452798 0.005541421 0.214084119 -0.451535106 0.866189361 0.028614614
0.977759302 0.128172413 -0.166007534 -0.047468591 -0.037345927 0.885281682 0.463553309 0.000356853 0.206378177 -0.447043896 0.870379150 0.029357517
0.980345845 0.116174817 -0.159453660 -0.047691993 -0.033124164 0.893685639 0.447469354 0.001923171 0.194486097 -0.433392942 0.879969180 0.029178066
0.981612980 0.110007636 -0.155994400 -0.048990704 -0.030770747 0.897736251 0.439457327 0.003690740 0.188385487 -0.426576972 0.884614646 0.025846940
0.982395172 0.104888618 -0.154589906 -0.049990531 -0.027671667 0.900077701 0.434849858 0.000391573 0.184753716 -0.422916621 0.887134552 0.026526680
0.983515024 0.094465025 -0.154190004 -0.047367986 -0.021989232 0.908847630 0.416548193 -0.003631022 0.179484457 -0.406290948 0.895942628 0.029587127
0.985027790 0.085141294 -0.149903759 -0.050221335 -0.017873466 0.915285230 0.402409554 -0.006334932 0.171466380 -0.393705279 0.903103292 0.026982984
0.986618698 0.075170912 -0.144682080 -0.047504209 -0.012947842 0.920697331 0.390062600 0.001764951 0.162529752 -0.382969737 0.909350574 0.022253128
0.988000751 0.065090723 -0.140063629 -0.048792318 -0.007899271 0.926966429 0.375061154 -0.005007767 0.154247284 -0.369454265 0.916357696 0.022273302
0.988644898 0.059050661 -0.138182387 -0.046309642 -0.004955947 0.931867480 0.362764984 -0.003274383 0.150189146 -0.357960880 0.921578586 0.020448668
0.989462018 0.049970895 -0.135896876 -0.044723406 0.000174687 0.938146114 0.346239358 -0.006073306 0.144793004 -0.342614472 0.928251147 0.022062179
0.990225017 0.041356485 -0.133207142 -0.043297745 0.005380564 0.942993879 0.332766473 0.004908210 0.139375582 -0.330230445 0.933553517 0.012027209
0.991069317 0.030699857 -0.129765734 -0.047851052 0.013179146 0.945822775 0.324415803 -0.006597455 0.132694885 -0.323228806 0.936971188 0.017352238
0.991407394 0.023254827 -0.128726512 -0.044241916 0.017978840 0.950508118 0.310178936 0.002189718 0.129568741 -0.309828103 0.941922784 0.014615658
0.991913140 0.018578466 -0.125551090 -0.044892639 0.020956954 0.951674044 0.306394130 0.004654569 0.125176042 -0.306547552 0.943588674 0.010321659
0.991811633 0.006540784 -0.127541602 -0.043607414 0.030617148 0.957384706 0.287188500 -0.003820776 0.123984791 -0.288741887 0.949344993 0.015420191
0.992334783 0.001875960 -0.123564474 -0.043051228 0.033454411 0.958471119 0.283220679 0.005230665 0.118964262 -0.285183549 0.951061487 0.006349443
0.992503524 -0.005028737 -0.122112632 -0.046852414 0.039448954 0.958854079 0.281145275 0.001575007 0.115674362 -0.283854961 0.951864421 0.010354626
0.992668509 -0.012313767 -0.120239899 -0.040950723 0.045467839 0.959770381 0.277080327 0.008093380 0.111990780 -0.280515939 0.953293681 0.004929120
0.992581189 -0.021743337 -0.119624205 -0.040170360 0.053646479 0.961249173 0.270411193 -0.003366632 0.109109029 -0.274822414 0.955284178 0.014509988
0.992626369 -0.023371359 -0.118940286 -0.041879710 0.054239988 0.963158786 0.263407111 0.007509266 0.108402200 -0.267916143 0.957324326 0.004751171
0.992584229 -0.023667878 -0.119232975 -0.041349027 0.054988429 0.962190747 0.266768754 0.010797673 0.108411007 -0.271346807 0.956356585 0.003266047
0.992410243 -0.024078682 -0.120590985 -0.040325962 0.055190563 0.963542581 0.261801064 -0.008442225 0.109890722 -0.266469508 0.957558334 0.016223721
0.992422581 -0.022789363 -0.120739475 -0.040490583 0.052439939 0.967218816 0.248471141 0.006533211 0.111118987 -0.252919942 0.961084843 0.001046791
0.992346168 -0.022994146 -0.121327482 -0.039353151 0.052987926 0.966750264 0.250172257 0.000497604 0.111540876 -0.254686356 0.960569382 0.005300134
0.992333651 -0.021615028 -0.121683277 -0.041871205 0.049700476 0.971258223 0.232781991 -0.005857914 0.113154285 -0.237045109 0.964886367 0.007411902
0.992304981 -0.020438055 -0.122119606 -0.041481338 0.047195222 0.974258006 0.220440537 0.001697751 0.114470623 -0.224507734 0.967725575 0.003018557
0.992307901 -0.019933019 -0.122178659 -0.042273093 0.046216264 0.975243330 0.216250718 0.002175773 0.114843391 -0.220233932 0.968662977 0.005598885
0.992384553 -0.018563703 -0.121772029 -0.043980692 0.043363649 0.977945507 0.204309002 -0.001359497 0.115293674 -0.208033547 0.971302927 0.003445797
0.992344499 -0.018272564 -0.122141443 -0.043599814 0.041869327 0.980200529 0.193529904 -0.002814284 0.116186805 -0.197162315 0.973461628 0.003670069
0.992382169 -0.016750483 -0.122053318 -0.045461405 0.039168417 0.982207179 0.183670476 0.001140593 0.116805084 -0.187051967 0.975381017 0.000679873
0.992301643 -0.016925385 -0.122681797 -0.045188092 0.038453568 0.983762622 0.175307021 -0.005614298 0.117722623 -0.178675026 0.976840079 0.002530198
0.992274046 -0.016137972 -0.123011075 -0.043441743 0.036420986 0.985708594 0.164475143 -0.006753789 0.118598782 -0.167684600 0.978680849 -0.001624763
0.992273033 -0.016695790 -0.122944802 -0.043898609 0.036321472 0.986582994 0.159169286 -0.004585369 0.118637800 -0.162404910 0.979566097 -0.003005208
0.992291212 -0.014577955 -0.123067833 -0.044029098 0.033009887 0.988272190 0.149092048 -0.003632601 0.119451061 -0.152005166 0.981135011 0.004308742
0.992221951 -0.013856979 -0.123707861 -0.043809220 0.031244675 0.989694595 0.139744386 -0.000436748 0.120496564 -0.142522648 0.982429624 0.001736209
0.992216051 -0.013193728 -0.123827919 -0.045470834 0.029412325 0.991067171 0.130079761 -0.007952926 0.121005543 -0.132709309 0.983740807 -0.001960423
0.992149711 -0.014021017 -0.124267302 -0.043602880 0.029759161 0.991620183 0.125713080 -0.007451358 0.121463344 -0.128424287 0.984252989 -0.001432550
0.992117107 -0.012020108 -0.124736197 -0.045393653 0.026000936 0.993472517 0.111069001 -0.010315472 0.122586928 -0.113436729 0.985953569 0.005903642
0.992089152 -0.010599460 -0.125087008 -0.046817139 0.023076208 0.994847536 0.098721750 0.005888076 0.123396106 -0.100827321 0.987221956 0.010690874
0.992024839 -0.010798410 -0.125578791 -0.046004500 0.022545509 0.995457172 0.092502505 0.000613276 0.124009430 -0.094596006 0.987761736 0.000470302
0.991829932 -0.010846283 -0.127104968 -0.041443568 0.021438733 0.996379733 0.082267143 -0.003767073 0.125752524 -0.084319979 0.988471806 -0.003864938
0.991700470 -0.010182512 -0.128165901 -0.039620250 0.019857824 0.997027636 0.074440740 -0.011017620 0.127026990 -0.076368004 0.988955021 0.005703584
0.991626978 -0.009894856 -0.128755435 -0.036957573 0.018625574 0.997593820 0.066782221 -0.004657880 0.127784833 -0.068621196 0.989425123 0.009933102
0.991587937 -0.008471490 -0.129157364 -0.039786924 0.015415534 0.998482823 0.052859701 -0.005706699 0.128513590 -0.054406058 0.990214229 0.003191063
0.991576552 -0.008901495 -0.129215926 -0.040132366 0.015265688 0.998713970 0.048345838 -0.008200351 0.128619388 -0.049911171 0.990437210 0.003927875
0.991447210 -0.009150909 -0.130188107 -0.036481321 0.014723398 0.999013007 0.041905459 -0.010032637 0.129676148 -0.043463849 0.990603328 0.005722321
0.991578758 -0.007306931 -0.129298881 -0.041860163 0.011827533 0.999344051 0.034229156 -0.005781723 0.128963977 -0.035470188 0.991014659 0.000892244
0.991581738 -0.007747664 -0.129250616 -0.043965299 0.011683862 0.999489844 0.029723579 -0.007177681 0.128954411 -0.030983504 0.991166353 -0.000652821
0.991611063 -0.006474359 -0.129095644 -0.044392262 0.009581865 0.999678731 0.023464803 -0.006797560 0.128902256 -0.024504932 0.991354525 -0.004460392
0.991582513 -0.006205632 -0.129327714 -0.045875829 0.008543622 0.999809802 0.017531065 -0.006782020 0.129194364 -0.018488426 0.991446912 -0.002991443
0.991324365 -0.005993690 -0.131301895 -0.034489125 0.007703231 0.999891937 0.012515859 -0.003956750 0.131212726 -0.013418724 0.991263390 0.001376266
0.991522908 -0.005987772 -0.129794523 -0.043451816 0.007020870 0.999947190 0.007503375 -0.003123721 0.129742742 -0.008351040 0.991512537 -0.007932683
0.991413474 -0.005553928 -0.130645901 -0.038644128 0.006397715 0.999961257 0.006039750 -0.000948643 0.130607292 -0.006823725 0.991410673 -0.006001152
0.991449893 -0.005381695 -0.130377114 -0.040629942 0.006023291 0.999971628 0.004527242 0.001668624 0.130349070 -0.005273833 0.991454124 -0.007000044
0.991569698 -0.004950529 -0.129479662 -0.045444682 0.005470403 0.999978364 0.003659754 0.004863567 0.129458755 -0.004337207 0.991575301 -0.009613027
0.991563261 -0.005365464 -0.129512474 -0.045279521 0.005911904 0.999975145 0.003835128 0.001443430 0.129488692 -0.004568438 0.991570354 -0.010275422
0.991673231 -0.005453986 -0.128663778 -0.049372341 0.005935173 0.999976754 0.003356760 0.003792804 0.128642485 -0.004092451 0.991682529 -0.008040468
0.991654277 -0.004748227 -0.128838092 -0.049377389 0.005192271 0.999981701 0.003110870 0.003715881 0.128820971 -0.003753870 0.991660774 -0.009813355
0.991536319 -0.005471393 -0.129714176 -0.043598101 0.005951106 0.999976814 0.003310899 0.001807207 0.129693046 -0.004054819 0.991545916 -0.008082392
0.991505623 -0.005827636 -0.129933268 -0.041616801 0.006472582 0.999968827 0.004541927 -0.006281790 0.129902735 -0.005344350 0.991512299 -0.006652341
0.991437316 -0.005339821 -0.130474254 -0.038790628 0.005662203 0.999981821 0.002099996 0.006140537 0.130460665 -0.002820786 0.991449416 -0.005796882
0.991287589 -0.006336515 -0.131562859 -0.032425214 0.006826376 0.999971330 0.003272716 -0.001031396 0.131538361 -0.004142300 0.991302431 -0.005028990
0.991372466 -0.005921756 -0.130940780 -0.036128938 0.006369490 0.999975204 0.003000799 -0.000156020 0.130919755 -0.003808935 0.991385579 -0.008968124
0.991393149 -0.005496839 -0.130803406 -0.035929739 0.005882477 0.999979436 0.002562023 0.002346185 0.130786613 -0.003309420 0.991405010 -0.009264723
0.991543710 -0.005432803 -0.129660100 -0.041493088 0.006016910 0.999973416 0.004113597 -0.006314445 0.129634336 -0.004858964 0.991549909 -0.005692697
0.991581619 -0.005108100 -0.129381821 -0.041860469 0.005674666 0.999975741 0.004010747 -0.005469734 0.129358202 -0.004711181 0.991586745 -0.004530755
0.991674423 -0.005219194 -0.128664240 -0.044018652 0.005801747 0.999974549 0.004153326 -0.006633043 0.128639281 -0.004865224 0.991679490 -0.006277757
0.991660237 -0.005223155 -0.128773168 -0.044678073 0.005841976 0.999973059 0.004428257 -0.007685827 0.128746569 -0.005143616 0.991664171 -0.005136944
0.991540551 -0.005196881 -0.129692778 -0.041977610 0.005792519 0.999974310 0.004215887 -0.006458084 0.129667535 -0.004931471 0.991545260 -0.007390421
0.991614640 -0.005236392 -0.129123241 -0.044987779 0.005841771 0.999973595 0.004310083 -0.007249594 0.129097253 -0.005028250 0.991619170 -0.008215404
0.991482913 -0.005488061 -0.130120620 -0.039796557 0.005939430 0.999977529 0.003081030 -0.001174276 0.130100802 -0.003827630 0.991493464 -0.009050020
0.991292536 -0.005331974 -0.131569520 -0.031628318 0.005818904 0.999977529 0.003316743 -0.001828021 0.131548882 -0.004053452 0.991301417 -0.004277854
0.991295516 -0.005071827 -0.131557375 -0.030309310 0.005422692 0.999982595 0.002308900 0.002215837 0.131543368 -0.003002197 0.991305888 -0.003548182
0.991392374 -0.005441185 -0.130810916 -0.033788163 0.005739314 0.999981642 0.001902182 0.003656749 0.130798176 -0.002636574 0.991405487 -0.002921318
0.991476238 -0.005566426 -0.130168036 -0.038536839 0.005974630 0.999978244 0.002745674 -0.000128452 0.130149946 -0.003499975 0.991488159 -0.004789249
0.991465330 -0.005453163 -0.130256712 -0.037514858 0.005753405 0.999981582 0.001928793 0.003953291 0.130243808 -0.002661751 0.991478443 -0.005669095
0.991420269 -0.005445606 -0.130598545 -0.035941254 0.005846706 0.999979198 0.002688011 -0.000286235 0.130581185 -0.003428519 0.991431713 -0.004489854
0.991491377 -0.005244128 -0.130066440 -0.038385179 0.005641983 0.999980390 0.002690563 -0.000561549 0.130049795 -0.003401502 0.991501629 -0.005946423
0.991431475 -0.005438862 -0.130514413 -0.035947263 0.005847041 0.999979079 0.002744461 -0.000549525 0.130496770 -0.003484067 0.991442621 -0.003484799
0.991499066 -0.005893688 -0.129979715 -0.039683159 0.006271022 0.999977171 0.002493919 0.000936021 0.129962042 -0.003287824 0.991513491 -0.005710095
0.991438031 -0.005352174 -0.130467981 -0.036016911 0.005836270 0.999977410 0.003328379 -0.003491760 0.130447239 -0.004061328 0.991446912 -0.006440537
0.991396070 -0.005564639 -0.130777687 -0.034743156 0.005928012 0.999979496 0.002389417 0.000936914 0.130761713 -0.003144110 0.991408825 -0.007032028
0.991644025 -0.005531108 -0.128885671 -0.045325279 0.005876855 0.999980032 0.002302428 0.002765500 0.128870368 -0.003040631 0.991656780 -0.006666710
0.991638005 -0.004945849 -0.128954992 -0.044619076 0.005548893 0.999975204 0.004317541 -0.008776506 0.128930435 -0.004996995 0.991641045 -0.007744312
0.991602540 -0.005318405 -0.129212946 -0.043388881 0.005925997 0.999973059 0.004318235 -0.008694630 0.129186496 -0.005047687 0.991607487 -0.004872677
0.991397500 -0.005244997 -0.130780131 -0.034996293 0.005707650 0.999978662 0.003163046 -0.002456234 0.130760759 -0.003882282 0.991406381 -0.005252698
0.991502702 -0.005446798 -0.129971370 -0.039243411 0.005939613 0.999976516 0.003404386 -0.004078373 0.129949763 -0.004147437 0.991511881 -0.005131427
0.991494775 -0.005208939 -0.130042106 -0.039012980 0.005695934 0.999978065 0.003373250 -0.003782440 0.130021676 -0.004085270 0.991502762 -0.006724238
0.991553009 -0.005132853 -0.129599810 -0.041312993 0.005608424 0.999978781 0.003304836 -0.003552361 0.129580110 -0.004003771 0.991560936 -0.006712615
0.991363108 -0.005597936 -0.131026328 -0.033157855 0.005973115 0.999979079 0.002470545 0.001402412 0.131009743 -0.003231841 0.991375804 -0.004830515
0.991655707 -0.005127308 -0.128812075 -0.045095630 0.005694657 0.999975562 0.004036547 -0.007123919 0.128788233 -0.004736405 0.991660833 -0.003006119
0.991650164 -0.005129109 -0.128854573 -0.045440894 0.005708468 0.999975204 0.004127313 -0.007999808 0.128830194 -0.004828413 0.991654932 -0.006757345
0.991359949 -0.005055171 -0.131071761 -0.033170566 0.005393688 0.999982953 0.002227802 0.002106115 0.131058261 -0.002915513 0.991370380 -0.003112805
0.991454959 -0.005550880 -0.130330950 -0.036929421 0.006042207 0.999976039 0.003374708 -0.003663869 0.130309090 -0.004133357 0.991464794 -0.006721843
0.991486192 -0.005863945 -0.130079582 -0.038794961 0.006243852 0.999977231 0.002512932 0.000820035 0.130061880 -0.003303734 0.991500378 -0.005330812
0.991562665 -0.005580578 -0.129507780 -0.041951377 0.006024410 0.999977171 0.003035564 -0.001936669 0.129487887 -0.003790160 0.991573751 -0.005488288
0.991668463 -0.005136545 -0.128713652 -0.045413654 0.005719633 0.999974906 0.004160897 -0.008107183 0.128689051 -0.004862425 0.991673052 -0.007348929
0.991662383 -0.005315353 -0.128752872 -0.045494050 0.005893894 0.999974072 0.004112821 -0.007931724 0.128727689 -0.004837384 0.991668165 -0.006938759
0.991423249 -0.005434945 -0.130576640 -0.035863508 0.005892601 0.999977708 0.003118763 -0.002962994 0.130556792 -0.003861449 0.991433322 -0.005667880
0.991346598 -0.005368168 -0.131160378 -0.032657273 0.005710863 0.999981105 0.002236779 0.002143057 0.131145909 -0.002966461 0.991358638 -0.006068808
0.991606474 -0.005537224 -0.129173517 -0.043143209 0.006107979 0.999973238 0.004022784 -0.007470402 0.129147798 -0.004778008 0.991613865 -0.007883187
0.991474807 -0.005123173 -0.130197480 -0.037520133 0.005536212 0.999980748 0.002810666 -0.000756714 0.130180553 -0.003507504 0.991484165 -0.004100229
0.991643131 -0.005231107 -0.128904626 -0.045164485 0.005802693 0.999974847 0.004059014 -0.007947594 0.128880158 -0.004773088 0.991648674 -0.006437348
0.991644859 -0.005580408 -0.128876805 -0.045314144 0.006157977 0.999972641 0.004083529 -0.007913350 0.128850460 -0.004843031 0.991652250 -0.006560205
0.991654634 -0.005505513 -0.128804654 -0.045383114 0.006081172 0.999973118 0.004076392 -0.007571563 0.128778741 -0.004825657 0.991661608 -0.004773061
0.991658688 -0.005605624 -0.128769174 -0.045398422 0.006185876 0.999972463 0.004106641 -0.007885035 0.128742605 -0.004868936 0.991666079 -0.006196077
